0	0	0	0	0	0
0	0	0	0	0	0
0	0	0	0	0	0
-0.00057955	-5.6315e-05	0.30034	-0.0020344	-0.01795	0.0089617
-0.00057955	-5.6315e-05	0.30034	-0.0020344	-0.01795	0.0089617
-0.0014404	-0.00022385	0.60102	-0.0050358	-0.014183	0.011435
-0.0014404	-0.00022385	0.60102	-0.0050358	-0.014183	0.011435
-0.0022178	-0.00049405	0.90109	-0.015601	-0.025692	0.012128
-0.0022178	-0.00049405	0.90109	-0.015601	-0.025692	0.012128
-0.003147	-0.00078556	1.2011	-0.02793	-0.030934	0.0072649
-0.003147	-0.00078556	1.2011	-0.02793	-0.030934	0.0072649
-0.0041774	-0.00096432	1.5014	-0.007811	-0.044495	0.0043181
-0.0041774	-0.00096432	1.5014	-0.007811	-0.044495	0.0043181
-0.0054554	-0.0013703	1.8018	-0.016026	-0.053728	0.0099955
-0.0054554	-0.0013703	1.8018	-0.016026	-0.053728	0.0099955
-0.0067717	-0.001485	2.1022	-0.0055721	-0.046136	0.0093745
-0.0067717	-0.001485	2.1022	-0.0055721	-0.046136	0.0093745
-0.0079179	-0.0014611	2.4022	-0.011958	-0.037866	0.025939
-0.0079179	-0.0014611	2.4022	-0.011958	-0.037866	0.025939
-0.0095869	-0.0013452	2.7022	-0.014768	-0.046205	0.0072788
-0.0095869	-0.0013452	2.7022	-0.014768	-0.046205	0.0072788
-0.011185	-0.0011988	3.0024	-0.027484	-0.039343	0.029996
-0.011185	-0.0011988	3.0024	-0.027484	-0.039343	0.029996
-0.012603	-0.0010653	3.3033	-0.015961	-0.038861	0.026629
-0.012603	-0.0010653	3.3033	-0.015961	-0.038861	0.026629
-0.013267	-0.00099212	3.6038	-0.017369	-0.045383	0.032993
-0.013267	-0.00099212	3.6038	-0.017369	-0.045383	0.032993
-0.013857	-0.001089	3.9038	0.0018445	-0.032838	0.04338
-0.013857	-0.001089	3.9038	0.0018445	-0.032838	0.04338
-0.014564	-0.0012198	4.2033	-0.0077746	-0.025531	0.060486
-0.014564	-0.0012198	4.2033	-0.0077746	-0.025531	0.060486
-0.014871	-0.0013926	4.5019	-0.0047335	-0.039891	0.07204
-0.014871	-0.0013926	4.5019	-0.0047335	-0.039891	0.07204
-0.01497	-0.0017006	4.8005	-0.0078626	-0.054686	0.073354
-0.01497	-0.0017006	4.8005	-0.0078626	-0.054686	0.073354
-0.01427	-0.0021459	5.0998	0.001447	-0.077697	0.084
-0.01427	-0.0021459	5.0998	0.001447	-0.077697	0.084
-0.013702	-0.0025224	5.3994	0.0011669	-0.062973	0.080295
-0.013702	-0.0025224	5.3994	0.0011669	-0.062973	0.080295
-0.013369	-0.0027702	5.6987	0.0090048	-0.066279	0.10163
-0.013369	-0.0027702	5.6987	0.0090048	-0.066279	0.10163
-0.013835	-0.0030166	5.9979	-0.0063695	-0.063849	0.08905
-0.013835	-0.0030166	5.9979	-0.0063695	-0.063849	0.08905
-0.014706	-0.0031155	6.2963	-0.0059295	-0.073905	0.097656
-0.014706	-0.0031155	6.2963	-0.0059295	-0.073905	0.097656
-0.015848	-0.0032363	6.5944	0.011374	-0.065691	0.11766
-0.015848	-0.0032363	6.5944	0.011374	-0.065691	0.11766
-0.016774	-0.0034965	6.8922	-0.0043533	-0.069124	0.12916
-0.016774	-0.0034965	6.8922	-0.0043533	-0.069124	0.12916
-0.016784	-0.0035713	7.1894	0.0063839	-0.056995	0.1161
-0.016784	-0.0035713	7.1894	0.0063839	-0.056995	0.1161
-0.015859	-0.0035957	7.4868	-0.01538	-0.060031	0.098712
-0.015859	-0.0035957	7.4868	-0.01538	-0.060031	0.098712
-0.014522	-0.0038002	7.7832	-0.017398	-0.063439	0.11557
-0.014522	-0.0038002	7.7832	-0.017398	-0.063439	0.11557
-0.013698	-0.0042078	8.0797	-0.028064	-0.06453	0.10904
-0.013698	-0.0042078	8.0797	-0.028064	-0.06453	0.10904
-0.012712	-0.0046514	8.3767	-0.02146	-0.064264	0.13359
-0.012712	-0.0046514	8.3767	-0.02146	-0.064264	0.13359
-0.012469	-0.0051063	8.6745	-0.0047426	-0.071512	0.15369
-0.012469	-0.0051063	8.6745	-0.0047426	-0.071512	0.15369
-0.012237	-0.0054644	8.9729	0.0074363	-0.068907	0.16247
-0.012237	-0.0054644	8.9729	0.0074363	-0.068907	0.16247
-0.012645	-0.0058616	9.2706	0.021754	-0.063777	0.17731
-0.012645	-0.0058616	9.2706	0.021754	-0.063777	0.17731
-0.013641	-0.0061795	9.5678	0.042024	-0.054718	0.18601
-0.013641	-0.0061795	9.5678	0.042024	-0.054718	0.18601
-0.015003	-0.006475	9.8648	0.030526	-0.043304	0.16722
-0.015003	-0.006475	9.8648	0.030526	-0.043304	0.16722
-0.016651	-0.0067782	10.163	0.040557	-0.042654	0.16636
-0.016651	-0.0067782	10.163	0.040557	-0.042654	0.16636
-0.018274	-0.0072062	10.461	0.020648	-0.052953	0.18551
-0.018274	-0.0072062	10.461	0.020648	-0.052953	0.18551
-0.018583	-0.0075853	10.761	0.029265	-0.042924	0.1839
-0.018583	-0.0075853	10.761	0.029265	-0.042924	0.1839
-0.018797	-0.0078232	11.06	0.049257	-0.028336	0.18113
-0.018797	-0.0078232	11.06	0.049257	-0.028336	0.18113
-0.019721	-0.0079297	11.359	0.03248	-0.024976	0.19034
-0.019721	-0.0079297	11.359	0.03248	-0.024976	0.19034
-0.021184	-0.0080203	11.658	0.035784	-0.015634	0.1914
-0.021184	-0.0080203	11.658	0.035784	-0.015634	0.1914
-0.022891	-0.008232	11.957	0.045142	-0.012248	0.20069
-0.022891	-0.008232	11.957	0.045142	-0.012248	0.20069
-0.025182	-0.0085976	12.256	0.058935	-0.01684	0.20343
-0.025182	-0.0085976	12.256	0.058935	-0.01684	0.20343
-0.027503	-0.0088716	12.554	0.044187	-0.016929	0.20611
-0.027503	-0.0088716	12.554	0.044187	-0.016929	0.20611
-0.029693	-0.0091691	12.853	0.04223	0.00036162	0.21688
-0.029693	-0.0091691	12.853	0.04223	0.00036162	0.21688
-0.031263	-0.0093302	13.152	0.046035	0.007012	0.21937
-0.031263	-0.0093302	13.152	0.046035	0.007012	0.21937
-0.033277	-0.0093941	13.451	0.031864	0.01658	0.20585
-0.033277	-0.0093941	13.451	0.031864	0.01658	0.20585
-0.035302	-0.0092791	13.75	0.024535	0.01709	0.21577
-0.035302	-0.0092791	13.75	0.024535	0.01709	0.21577
-0.036989	-0.0091353	14.049	0.024569	0.040027	0.20639
-0.036989	-0.0091353	14.049	0.024569	0.040027	0.20639
-0.038864	-0.0088158	14.347	0.027333	0.045534	0.20298
-0.038864	-0.0088158	14.347	0.027333	0.045534	0.20298
-0.041393	-0.0083964	14.644	0.022438	0.057416	0.22179
-0.041393	-0.0083964	14.644	0.022438	0.057416	0.22179
-0.044205	-0.007872	14.941	0.008944	0.047269	0.20293
-0.044205	-0.007872	14.941	0.008944	0.047269	0.20293
-0.047852	-0.0073271	15.239	-0.0029009	0.032619	0.1989
-0.047852	-0.0073271	15.239	-0.0029009	0.032619	0.1989
-0.052195	-0.0068623	15.536	-0.01252	0.022208	0.22698
-0.052195	-0.0068623	15.536	-0.01252	0.022208	0.22698
-0.056929	-0.0064947	15.833	-0.0072528	0.023029	0.23793
-0.056929	-0.0064947	15.833	-0.0072528	0.023029	0.23793
-0.062408	-0.0062938	16.13	0.0043317	0.022638	0.2463
-0.062408	-0.0062938	16.13	0.0043317	0.022638	0.2463
-0.06778	-0.0061194	16.427	0.0077153	0.016198	0.25688
-0.06778	-0.0061194	16.427	0.0077153	0.016198	0.25688
-0.072437	-0.006061	16.723	0.00054071	0.016729	0.26202
-0.072437	-0.006061	16.723	0.00054071	0.016729	0.26202
-0.076469	-0.0061425	17.02	-0.027281	0.020905	0.27411
-0.076469	-0.0061425	17.02	-0.027281	0.020905	0.27411
-0.080414	-0.0061788	17.317	-0.027947	0.025794	0.27508
-0.080414	-0.0061788	17.317	-0.027947	0.025794	0.27508
-0.084425	-0.0064212	17.614	-0.0064467	0.0060274	0.2931
-0.084425	-0.0064212	17.614	-0.0064467	0.0060274	0.2931
-0.088905	-0.006931	17.91	0.015376	0.0064389	0.31998
-0.088905	-0.006931	17.91	0.015376	0.0064389	0.31998
-0.09364	-0.0076046	18.206	-0.0014237	0.01756	0.33087
-0.09364	-0.0076046	18.206	-0.0014237	0.01756	0.33087
-0.098248	-0.0084795	18.504	-0.018751	0.0066125	0.33108
-0.098248	-0.0084795	18.504	-0.018751	0.0066125	0.33108
-0.10355	-0.0093548	18.801	-0.011703	0.0072445	0.34154
-0.10355	-0.0093548	18.801	-0.011703	0.0072445	0.34154
-0.10872	-0.010093	19.098	0.017733	0.0078518	0.34791
-0.10872	-0.010093	19.098	0.017733	0.0078518	0.34791
-0.11357	-0.010694	19.394	0.022064	0.013601	0.34209
-0.11357	-0.010694	19.394	0.022064	0.013601	0.34209
-0.11807	-0.011441	19.691	0.035069	0.014581	0.34513
-0.11807	-0.011441	19.691	0.035069	0.014581	0.34513
-0.12191	-0.012079	19.987	0.029635	0.0054514	0.33553
-0.12191	-0.012079	19.987	0.029635	0.0054514	0.33553
-0.1252	-0.012499	20.283	0.043238	0.0063838	0.33731
-0.1252	-0.012499	20.283	0.043238	0.0063838	0.33731
-0.12883	-0.012766	20.579	0.049127	0.013245	0.3453
-0.12883	-0.012766	20.579	0.049127	0.013245	0.3453
-0.13304	-0.012995	20.875	0.065849	0.0032593	0.33556
-0.13304	-0.012995	20.875	0.065849	0.0032593	0.33556
-0.13786	-0.013277	21.172	0.045984	0.0019534	0.35699
-0.13786	-0.013277	21.172	0.045984	0.0019534	0.35699
-0.14229	-0.013529	21.468	0.045118	0.0069178	0.36296
-0.14229	-0.013529	21.468	0.045118	0.0069178	0.36296
-0.14664	-0.013711	21.765	0.044535	0.012458	0.35265
-0.14664	-0.013711	21.765	0.044535	0.012458	0.35265
-0.15094	-0.013888	22.061	0.035882	0.010983	0.35108
-0.15094	-0.013888	22.061	0.035882	0.010983	0.35108
-0.15549	-0.014158	22.357	0.03869	0.0069433	0.3371
-0.15549	-0.014158	22.357	0.03869	0.0069433	0.3371
-0.16054	-0.01454	22.654	0.034763	0.015461	0.33565
-0.16054	-0.01454	22.654	0.034763	0.015461	0.33565
-0.16561	-0.01503	22.95	0.03096	0.0091124	0.32631
-0.16561	-0.01503	22.95	0.03096	0.0091124	0.32631
-0.17033	-0.015548	23.248	0.030931	0.015247	0.32621
-0.17033	-0.015548	23.248	0.030931	0.015247	0.32621
-0.17517	-0.01609	23.545	0.015662	0.021824	0.30898
-0.17517	-0.01609	23.545	0.015662	0.021824	0.30898
-0.17956	-0.016635	23.843	0.033477	0.0013488	0.30424
-0.17956	-0.016635	23.843	0.033477	0.0013488	0.30424
-0.18312	-0.017373	24.141	0.015732	-0.0018621	0.31456
-0.18312	-0.017373	24.141	0.015732	-0.0018621	0.31456
-0.18584	-0.018064	24.44	0.0098245	-0.0085144	0.31943
-0.18584	-0.018064	24.44	0.0098245	-0.0085144	0.31943
-0.18725	-0.018974	24.738	0.0060605	-0.020585	0.31981
-0.18725	-0.018974	24.738	0.0060605	-0.020585	0.31981
-0.18851	-0.019717	25.036	0.019784	-0.018944	0.30968
-0.18851	-0.019717	25.036	0.019784	-0.018944	0.30968
-0.1901	-0.020565	25.332	0.025926	-0.02015	0.30802
-0.1901	-0.020565	25.332	0.025926	-0.02015	0.30802
-0.19137	-0.021547	25.628	0.014978	-0.020178	0.29072
-0.19137	-0.021547	25.628	0.014978	-0.020178	0.29072
-0.19232	-0.022556	25.925	0.019475	-0.031766	0.2968
-0.19232	-0.022556	25.925	0.019475	-0.031766	0.2968
-0.1936	-0.023436	26.222	0.01991	-0.010565	0.29936
-0.1936	-0.023436	26.222	0.01991	-0.010565	0.29936
-0.19473	-0.024075	26.519	0.011288	-0.0017965	0.29454
-0.19473	-0.024075	26.519	0.011288	-0.0017965	0.29454
-0.19642	-0.024605	26.816	0.008015	0.008883	0.28522
-0.19642	-0.024605	26.816	0.008015	0.008883	0.28522
-0.19832	-0.025228	27.113	-0.0046939	0.011987	0.27685
-0.19832	-0.025228	27.113	-0.0046939	0.011987	0.27685
-0.19994	-0.025935	27.409	0.010749	0.026571	0.24702
-0.19994	-0.025935	27.409	0.010749	0.026571	0.24702
-0.20126	-0.026617	27.705	0.0074424	0.029005	0.24011
-0.20126	-0.026617	27.705	0.0074424	0.029005	0.24011
-0.20262	-0.02728	28.001	0.015036	0.022787	0.23632
-0.20262	-0.02728	28.001	0.015036	0.022787	0.23632
-0.20483	-0.027845	28.295	-0.00034994	0.021801	0.24314
-0.20483	-0.027845	28.295	-0.00034994	0.021801	0.24314
-0.20728	-0.028196	28.589	-0.012767	0.023764	0.25218
-0.20728	-0.028196	28.589	-0.012767	0.023764	0.25218
-0.21054	-0.028436	28.883	-0.021397	0.026068	0.24986
-0.21054	-0.028436	28.883	-0.021397	0.026068	0.24986
-0.21391	-0.02844	29.176	-0.022495	0.037349	0.25799
-0.21391	-0.02844	29.176	-0.022495	0.037349	0.25799
-0.21794	-0.028187	29.469	-0.017407	0.027789	0.23797
-0.21794	-0.028187	29.469	-0.017407	0.027789	0.23797
-0.22187	-0.0279	29.762	-0.0098655	0.020119	0.24639
-0.22187	-0.0279	29.762	-0.0098655	0.020119	0.24639
-0.2261	-0.027548	30.055	-0.007256	0.030593	0.24756
-0.2261	-0.027548	30.055	-0.007256	0.030593	0.24756
-0.2304	-0.026995	30.348	-0.0090265	0.054819	0.23819
-0.2304	-0.026995	30.348	-0.0090265	0.054819	0.23819
-0.23474	-0.026047	30.641	-0.0020276	0.055091	0.25287
-0.23474	-0.026047	30.641	-0.0020276	0.055091	0.25287
-0.23952	-0.025006	30.934	0.0022494	0.054801	0.25059
-0.23952	-0.025006	30.934	0.0022494	0.054801	0.25059
-0.24426	-0.024023	31.228	0.0054111	0.06073	0.24675
-0.24426	-0.024023	31.228	0.0054111	0.06073	0.24675
-0.2488	-0.023191	31.522	0.011778	0.070627	0.27184
-0.2488	-0.023191	31.522	0.011778	0.070627	0.27184
-0.25282	-0.022604	31.816	0.025518	0.071554	0.28583
-0.25282	-0.022604	31.816	0.025518	0.071554	0.28583
-0.25599	-0.022143	32.11	0.03821	0.076657	0.29188
-0.25599	-0.022143	32.11	0.03821	0.076657	0.29188
-0.25931	-0.021578	32.404	0.033347	0.082045	0.29276
-0.25931	-0.021578	32.404	0.033347	0.082045	0.29276
-0.26273	-0.021078	32.699	0.046948	0.08674	0.30259
-0.26273	-0.021078	32.699	0.046948	0.08674	0.30259
-0.26623	-0.020503	32.992	0.054876	0.056382	0.28625
-0.26623	-0.020503	32.992	0.054876	0.056382	0.28625
-0.26955	-0.020032	33.285	0.049571	0.064962	0.2879
-0.26955	-0.020032	33.285	0.049571	0.064962	0.2879
-0.27268	-0.019757	33.578	0.043294	0.057027	0.28058
-0.27268	-0.019757	33.578	0.043294	0.057027	0.28058
-0.27561	-0.019685	33.872	0.017826	0.029092	0.29846
-0.27561	-0.019685	33.872	0.017826	0.029092	0.29846
-0.27828	-0.019727	34.165	0.014046	0.03305	0.28837
-0.27828	-0.019727	34.165	0.014046	0.03305	0.28837
-0.28069	-0.019756	34.457	-0.0051028	0.039421	0.3004
-0.28069	-0.019756	34.457	-0.0051028	0.039421	0.3004
-0.2834	-0.019572	34.75	-0.014153	0.056204	0.30105
-0.2834	-0.019572	34.75	-0.014153	0.056204	0.30105
-0.28525	-0.019314	35.043	-0.013781	0.038546	0.2998
-0.28525	-0.019314	35.043	-0.013781	0.038546	0.2998
-0.28622	-0.019034	35.336	-0.0033977	0.047141	0.29017
-0.28622	-0.019034	35.336	-0.0033977	0.047141	0.29017
-0.28651	-0.018558	35.63	-0.00037316	0.064087	0.28939
-0.28651	-0.018558	35.63	-0.00037316	0.064087	0.28939
-0.28651	-0.018014	35.923	-0.01963	0.087122	0.2816
-0.28651	-0.018014	35.923	-0.01963	0.087122	0.2816
-0.28651	-0.017243	36.217	-0.017696	0.093348	0.29136
-0.28651	-0.017243	36.217	-0.017696	0.093348	0.29136
-0.28614	-0.016294	36.51	-0.023439	0.10787	0.28303
-0.28614	-0.016294	36.51	-0.023439	0.10787	0.28303
-0.28573	-0.0153	36.803	-0.010709	0.11146	0.27005
-0.28573	-0.0153	36.803	-0.010709	0.11146	0.27005
-0.28534	-0.014345	37.095	-0.019973	0.11731	0.25351
-0.28534	-0.014345	37.095	-0.019973	0.11731	0.25351
-0.28488	-0.013212	37.388	-0.001966	0.11793	0.24709
-0.28488	-0.013212	37.388	-0.001966	0.11793	0.24709
-0.28395	-0.011986	37.68	0.0094613	0.098052	0.25135
-0.28395	-0.011986	37.68	0.0094613	0.098052	0.25135
-0.2832	-0.010829	37.973	-0.0057963	0.098485	0.24784
-0.2832	-0.010829	37.973	-0.0057963	0.098485	0.24784
-0.28241	-0.0097079	38.265	0.00087067	0.10843	0.23368
-0.28241	-0.0097079	38.265	0.00087067	0.10843	0.23368
-0.28197	-0.008636	38.558	-0.018649	0.096417	0.24067
-0.28197	-0.008636	38.558	-0.018649	0.096417	0.24067
-0.28161	-0.0075503	38.851	-0.00958	0.099084	0.25757
-0.28161	-0.0075503	38.851	-0.00958	0.099084	0.25757
-0.28118	-0.0067695	39.144	0.0026733	0.09654	0.25904
-0.28118	-0.0067695	39.144	0.0026733	0.09654	0.25904
-0.28101	-0.0060512	39.439	-0.008838	0.1039	0.26928
-0.28101	-0.0060512	39.439	-0.008838	0.1039	0.26928
-0.2809	-0.0053113	39.734	-0.0088047	0.09539	0.27153
-0.2809	-0.0053113	39.734	-0.0088047	0.09539	0.27153
-0.28163	-0.0045463	40.029	0.019618	0.085514	0.28087
-0.28163	-0.0045463	40.029	0.019618	0.085514	0.28087
-0.28325	-0.0039724	40.323	0.021564	0.067008	0.25981
-0.28325	-0.0039724	40.323	0.021564	0.067008	0.25981
-0.28489	-0.0035666	40.618	-0.0020083	0.062855	0.25138
-0.28489	-0.0035666	40.618	-0.0020083	0.062855	0.25138
-0.28626	-0.0029934	40.913	0.010235	0.081109	0.24656
-0.28626	-0.0029934	40.913	0.010235	0.081109	0.24656
-0.28754	-0.002147	41.208	0.011939	0.091128	0.26172
-0.28754	-0.002147	41.208	0.011939	0.091128	0.26172
-0.28942	-0.0011207	41.502	0.014989	0.080661	0.26492
-0.28942	-0.0011207	41.502	0.014989	0.080661	0.26492
-0.29164	-0.00037688	41.796	-0.0088814	0.074346	0.27222
-0.29164	-0.00037688	41.796	-0.0088814	0.074346	0.27222
-0.29417	0.00031677	42.091	-0.0068359	0.082343	0.26465
-0.29417	0.00031677	42.091	-0.0068359	0.082343	0.26465
-0.2969	0.00090706	42.384	0.001957	0.082431	0.2609
-0.2969	0.00090706	42.384	0.001957	0.082431	0.2609
-0.30038	0.0012996	42.677	-0.018226	0.082017	0.25969
-0.30038	0.0012996	42.677	-0.018226	0.082017	0.25969
-0.30425	0.0016088	42.97	-0.021441	0.063985	0.25825
-0.30425	0.0016088	42.97	-0.021441	0.063985	0.25825
-0.30838	0.0017039	43.262	-0.029319	0.065953	0.25822
-0.30838	0.0017039	43.262	-0.029319	0.065953	0.25822
-0.31229	0.001931	43.554	-0.0060147	0.069707	0.26299
-0.31229	0.001931	43.554	-0.0060147	0.069707	0.26299
-0.31638	0.0021342	43.846	0.0029607	0.056986	0.26213
-0.31638	0.0021342	43.846	0.0029607	0.056986	0.26213
-0.3203	0.0022261	44.138	0.0015871	0.047575	0.26617
-0.3203	0.0022261	44.138	0.0015871	0.047575	0.26617
-0.32396	0.0022693	44.43	-0.0018828	0.028718	0.27691
-0.32396	0.0022693	44.43	-0.0018828	0.028718	0.27691
-0.32789	0.0023808	44.722	0.011455	0.027078	0.2916
-0.32789	0.0023808	44.722	0.011455	0.027078	0.2916
-0.33262	0.0024884	45.016	-0.0037884	0.031619	0.31111
-0.33262	0.0024884	45.016	-0.0037884	0.031619	0.31111
-0.33747	0.0025795	45.309	0.0050337	0.026564	0.3291
-0.33747	0.0025795	45.309	0.0050337	0.026564	0.3291
-0.34303	0.0029184	45.601	0.010077	0.01212	0.3211
-0.34303	0.0029184	45.601	0.010077	0.01212	0.3211
-0.34851	0.0032209	45.894	0.018299	0.0067773	0.31208
-0.34851	0.0032209	45.894	0.018299	0.0067773	0.31208
-0.3537	0.0035116	46.186	0.01575	0.019686	0.29762
-0.3537	0.0035116	46.186	0.01575	0.019686	0.29762
-0.35882	0.0035968	46.478	0.025442	0.026255	0.31566
-0.35882	0.0035968	46.478	0.025442	0.026255	0.31566
-0.36397	0.0037407	46.771	0.032665	0.031105	0.31663
-0.36397	0.0037407	46.771	0.032665	0.031105	0.31663
-0.36874	0.0039448	47.064	0.022358	0.037105	0.31547
-0.36874	0.0039448	47.064	0.022358	0.037105	0.31547
-0.37365	0.0043198	47.357	0.040332	0.069434	0.33796
-0.37365	0.0043198	47.357	0.040332	0.069434	0.33796
-0.37863	0.0047245	47.651	0.060844	0.06935	0.34672
-0.37863	0.0047245	47.651	0.060844	0.06935	0.34672
-0.38288	0.005111	47.945	0.04342	0.057741	0.36586
-0.38288	0.005111	47.945	0.04342	0.057741	0.36586
-0.38714	0.005436	48.239	0.074124	0.029408	0.35738
-0.38714	0.005436	48.239	0.074124	0.029408	0.35738
-0.3911	0.0059613	48.533	0.067977	0.046594	0.35876
-0.3911	0.0059613	48.533	0.067977	0.046594	0.35876
-0.39479	0.0066086	48.828	0.088952	0.059178	0.36404
-0.39479	0.0066086	48.828	0.088952	0.059178	0.36404
-0.39749	0.0071788	49.123	0.075812	0.031958	0.36525
-0.39749	0.0071788	49.123	0.075812	0.031958	0.36525
-0.40069	0.0075667	49.418	0.082954	0.060397	0.36357
-0.40069	0.0075667	49.418	0.082954	0.060397	0.36357
-0.40429	0.0080925	49.712	0.079098	0.081481	0.35617
-0.40429	0.0080925	49.712	0.079098	0.081481	0.35617
-0.40855	0.0089026	50.005	0.064906	0.084327	0.34861
-0.40855	0.0089026	50.005	0.064906	0.084327	0.34861
-0.41316	0.0096436	50.298	0.082574	0.076389	0.34127
-0.41316	0.0096436	50.298	0.082574	0.076389	0.34127
-0.41805	0.01044	50.591	0.064722	0.072634	0.33902
-0.41805	0.01044	50.591	0.064722	0.072634	0.33902
-0.42335	0.011191	50.884	0.062352	0.076079	0.33132
-0.42335	0.011191	50.884	0.062352	0.076079	0.33132
-0.42835	0.011982	51.176	0.061874	0.066553	0.3223
-0.42835	0.011982	51.176	0.061874	0.066553	0.3223
-0.43201	0.01277	51.468	0.055747	0.06619	0.33278
-0.43201	0.01277	51.468	0.055747	0.06619	0.33278
-0.4355	0.013598	51.76	0.053249	0.058083	0.34006
-0.4355	0.013598	51.76	0.053249	0.058083	0.34006
-0.43871	0.014317	52.052	0.058242	0.065382	0.35062
-0.43871	0.014317	52.052	0.058242	0.065382	0.35062
-0.4411	0.014987	52.344	0.049479	0.088363	0.34792
-0.4411	0.014987	52.344	0.049479	0.088363	0.34792
-0.44291	0.015718	52.635	0.053807	0.087924	0.35608
-0.44291	0.015718	52.635	0.053807	0.087924	0.35608
-0.44501	0.016576	52.926	0.06049	0.094876	0.36091
-0.44501	0.016576	52.926	0.06049	0.094876	0.36091
-0.44754	0.017388	53.218	0.044171	0.076541	0.36295
-0.44754	0.017388	53.218	0.044171	0.076541	0.36295
-0.45014	0.018098	53.51	0.039459	0.076479	0.35493
-0.45014	0.018098	53.51	0.039459	0.076479	0.35493
-0.45257	0.018852	53.802	0.038412	0.076712	0.35574
-0.45257	0.018852	53.802	0.038412	0.076712	0.35574
-0.45503	0.019566	54.094	0.044373	0.067652	0.35485
-0.45503	0.019566	54.094	0.044373	0.067652	0.35485
-0.45748	0.020364	54.386	0.050916	0.074513	0.35974
-0.45748	0.020364	54.386	0.050916	0.074513	0.35974
-0.45992	0.021276	54.678	0.037657	0.060083	0.37979
-0.45992	0.021276	54.678	0.037657	0.060083	0.37979
-0.46225	0.022029	54.969	0.026527	0.060372	0.38279
-0.46225	0.022029	54.969	0.026527	0.060372	0.38279
-0.46461	0.022533	55.259	0.024635	0.057555	0.37425
-0.46461	0.022533	55.259	0.024635	0.057555	0.37425
-0.46738	0.023046	55.55	0.025837	0.061456	0.37735
-0.46738	0.023046	55.55	0.025837	0.061456	0.37735
-0.47117	0.023559	55.841	0.019851	0.057038	0.39741
-0.47117	0.023559	55.841	0.019851	0.057038	0.39741
-0.47483	0.024003	56.132	0.0028835	0.064462	0.38598
-0.47483	0.024003	56.132	0.0028835	0.064462	0.38598
-0.47789	0.024383	56.423	-0.0040053	0.041686	0.387
-0.47789	0.024383	56.423	-0.0040053	0.041686	0.387
-0.47996	0.024844	56.715	-0.020547	0.047442	0.38753
-0.47996	0.024844	56.715	-0.020547	0.047442	0.38753
-0.48235	0.025206	57.006	-0.017086	0.03989	0.40084
-0.48235	0.025206	57.006	-0.017086	0.03989	0.40084
-0.48523	0.02547	57.298	0.0061734	0.034498	0.39866
-0.48523	0.02547	57.298	0.0061734	0.034498	0.39866
-0.48824	0.025468	57.589	-0.014686	0.019529	0.41823
-0.48824	0.025468	57.589	-0.014686	0.019529	0.41823
-0.49043	0.025378	57.88	-0.017776	0.024032	0.40999
-0.49043	0.025378	57.88	-0.017776	0.024032	0.40999
-0.49211	0.025369	58.171	-0.037953	0.034571	0.42353
-0.49211	0.025369	58.171	-0.037953	0.034571	0.42353
-0.49422	0.02543	58.463	-0.031815	0.044049	0.41998
-0.49422	0.02543	58.463	-0.031815	0.044049	0.41998
-0.4964	0.025654	58.754	-0.033903	0.038655	0.41935
-0.4964	0.025654	58.754	-0.033903	0.038655	0.41935
-0.49855	0.025844	59.045	-0.045568	0.028149	0.41622
-0.49855	0.025844	59.045	-0.045568	0.028149	0.41622
-0.50105	0.026211	59.336	-0.050448	0.052067	0.42949
-0.50105	0.026211	59.336	-0.050448	0.052067	0.42949
-0.50397	0.026513	59.627	-0.045406	0.066003	0.43368
-0.50397	0.026513	59.627	-0.045406	0.066003	0.43368
-0.50661	0.026852	59.917	-0.049916	0.065892	0.41091
-0.50661	0.026852	59.917	-0.049916	0.065892	0.41091
-0.50916	0.027119	60.209	-0.04723	0.057905	0.42309
-0.50916	0.027119	60.209	-0.04723	0.057905	0.42309
-0.51169	0.027352	60.499	-0.037165	0.074141	0.41797
-0.51169	0.027352	60.499	-0.037165	0.074141	0.41797
-0.51357	0.027817	60.79	-0.024862	0.062793	0.40418
-0.51357	0.027817	60.79	-0.024862	0.062793	0.40418
-0.51492	0.028356	61.081	-0.0093597	0.058759	0.40323
-0.51492	0.028356	61.081	-0.0093597	0.058759	0.40323
-0.51656	0.028867	61.371	0.00079722	0.03901	0.40237
-0.51656	0.028867	61.371	0.00079722	0.03901	0.40237
-0.51827	0.029319	61.661	-0.00034232	0.035912	0.3889
-0.51827	0.029319	61.661	-0.00034232	0.035912	0.3889
-0.52018	0.029576	61.951	-0.008179	0.032499	0.397
-0.52018	0.029576	61.951	-0.008179	0.032499	0.397
-0.52174	0.030036	62.24	-0.014619	0.038201	0.41789
-0.52174	0.030036	62.24	-0.014619	0.038201	0.41789
-0.52255	0.030428	62.531	0.0017952	0.04033	0.41154
-0.52255	0.030428	62.531	0.0017952	0.04033	0.41154
-0.52362	0.030786	62.822	0.016945	0.036374	0.41267
-0.52362	0.030786	62.822	0.016945	0.036374	0.41267
-0.52441	0.031107	63.113	-0.0074534	0.029904	0.40035
-0.52441	0.031107	63.113	-0.0074534	0.029904	0.40035
-0.52441	0.031358	63.403	0.0063523	0.030391	0.3768
-0.52441	0.031358	63.403	0.0063523	0.030391	0.3768
-0.52421	0.031691	63.694	0.021199	0.042315	0.38674
-0.52421	0.031691	63.694	0.021199	0.042315	0.38674
-0.52422	0.032375	63.985	0.017976	0.056422	0.36168
-0.52422	0.032375	63.985	0.017976	0.056422	0.36168
-0.52425	0.03315	64.277	0.033456	0.047397	0.3641
-0.52425	0.03315	64.277	0.033456	0.047397	0.3641
-0.52438	0.033824	64.569	0.043583	0.034358	0.34384
-0.52438	0.033824	64.569	0.043583	0.034358	0.34384
-0.52332	0.034432	64.861	0.046589	0.040945	0.37966
-0.52332	0.034432	64.861	0.046589	0.040945	0.37966
-0.52144	0.035148	65.152	0.057306	0.047912	0.38003
-0.52144	0.035148	65.152	0.057306	0.047912	0.38003
-0.51903	0.035812	65.443	0.048552	0.047887	0.36991
-0.51903	0.035812	65.443	0.048552	0.047887	0.36991
-0.51564	0.036361	65.734	0.048679	0.022018	0.37199
-0.51564	0.036361	65.734	0.048679	0.022018	0.37199
-0.51204	0.036976	66.025	0.04502	0.011996	0.37738
-0.51204	0.036976	66.025	0.04502	0.011996	0.37738
-0.50875	0.037512	66.316	0.054555	0.020593	0.36458
-0.50875	0.037512	66.316	0.054555	0.020593	0.36458
-0.50635	0.038066	66.607	0.051453	0.015632	0.37097
-0.50635	0.038066	66.607	0.051453	0.015632	0.37097
-0.50377	0.038444	66.899	0.057174	0.017157	0.37715
-0.50377	0.038444	66.899	0.057174	0.017157	0.37715
-0.50127	0.038792	67.192	0.043619	0.020723	0.36995
-0.50127	0.038792	67.192	0.043619	0.020723	0.36995
-0.49864	0.039057	67.485	0.032111	0.034775	0.36101
-0.49864	0.039057	67.485	0.032111	0.034775	0.36101
-0.49503	0.039322	67.779	0.00075679	0.034205	0.33831
-0.49503	0.039322	67.779	0.00075679	0.034205	0.33831
-0.4907	0.039581	68.072	0.0084562	0.04784	0.34216
-0.4907	0.039581	68.072	0.0084562	0.04784	0.34216
-0.48635	0.039698	68.364	-0.009704	0.04541	0.33143
-0.48635	0.039698	68.364	-0.009704	0.04541	0.33143
-0.482	0.039879	68.657	-0.0064121	0.031081	0.32093
-0.482	0.039879	68.657	-0.0064121	0.031081	0.32093
-0.47836	0.040102	68.949	0.0011718	0.04247	0.33102
-0.47836	0.040102	68.949	0.0011718	0.04247	0.33102
-0.47455	0.040138	69.242	0.0014431	0.014528	0.3377
-0.47455	0.040138	69.242	0.0014431	0.014528	0.3377
-0.47067	0.039943	69.534	0.023354	0.014361	0.33175
-0.47067	0.039943	69.534	0.023354	0.014361	0.33175
-0.46656	0.039677	69.826	0.0071345	-0.0023749	0.33114
-0.46656	0.039677	69.826	0.0071345	-0.0023749	0.33114
-0.46248	0.039105	70.118	0.011433	-0.021659	0.33307
-0.46248	0.039105	70.118	0.011433	-0.021659	0.33307
-0.45869	0.038405	70.41	0.016761	-0.0056868	0.34231
-0.45869	0.038405	70.41	0.016761	-0.0056868	0.34231
-0.45452	0.037978	70.703	0.031197	-0.0017472	0.34777
-0.45452	0.037978	70.703	0.031197	-0.0017472	0.34777
-0.44982	0.037392	70.995	0.043022	0.00453	0.33917
-0.44982	0.037392	70.995	0.043022	0.00453	0.33917
-0.445	0.036902	71.288	0.024136	0.0086956	0.34414
-0.445	0.036902	71.288	0.024136	0.0086956	0.34414
-0.44004	0.036343	71.581	0.025493	-0.0083508	0.35604
-0.44004	0.036343	71.581	0.025493	-0.0083508	0.35604
-0.43498	0.03571	71.875	0.031868	-0.01901	0.36299
-0.43498	0.03571	71.875	0.031868	-0.01901	0.36299
-0.42962	0.035076	72.168	0.035765	-0.038106	0.35678
-0.42962	0.035076	72.168	0.035765	-0.038106	0.35678
-0.42416	0.034567	72.462	0.049096	-0.033804	0.35416
-0.42416	0.034567	72.462	0.049096	-0.033804	0.35416
-0.41898	0.033952	72.756	0.072128	-0.032075	0.36691
-0.41898	0.033952	72.756	0.072128	-0.032075	0.36691
-0.41356	0.033414	73.05	0.067709	-0.041168	0.34759
-0.41356	0.033414	73.05	0.067709	-0.041168	0.34759
-0.40808	0.032905	73.343	0.062549	-0.043833	0.33155
-0.40808	0.032905	73.343	0.062549	-0.043833	0.33155
-0.40228	0.032185	73.636	0.054201	-0.039175	0.3458
-0.40228	0.032185	73.636	0.054201	-0.039175	0.3458
-0.39686	0.031479	73.93	0.065057	-0.042516	0.34524
-0.39686	0.031479	73.93	0.065057	-0.042516	0.34524
-0.39226	0.030775	74.224	0.055218	-0.012443	0.355
-0.39226	0.030775	74.224	0.055218	-0.012443	0.355
-0.38707	0.030119	74.518	0.059373	-0.012994	0.34446
-0.38707	0.030119	74.518	0.059373	-0.012994	0.34446
-0.38217	0.029493	74.812	0.066019	-0.0090194	0.35356
-0.38217	0.029493	74.812	0.066019	-0.0090194	0.35356
-0.37699	0.028754	75.106	0.049885	-0.023728	0.34992
-0.37699	0.028754	75.106	0.049885	-0.023728	0.34992
-0.37144	0.028077	75.4	0.055946	-0.013176	0.3492
-0.37144	0.028077	75.4	0.055946	-0.013176	0.3492
-0.36585	0.027423	75.693	0.048113	-0.025103	0.33296
-0.36585	0.027423	75.693	0.048113	-0.025103	0.33296
-0.36055	0.026908	75.985	0.049403	-0.0099593	0.32616
-0.36055	0.026908	75.985	0.049403	-0.0099593	0.32616
-0.35501	0.026564	76.278	0.038158	-0.016034	0.31525
-0.35501	0.026564	76.278	0.038158	-0.016034	0.31525
-0.34933	0.02636	76.57	0.026885	-0.020747	0.30914
-0.34933	0.02636	76.57	0.026885	-0.020747	0.30914
-0.34309	0.026015	76.862	0.02605	-0.034465	0.3018
-0.34309	0.026015	76.862	0.02605	-0.034465	0.3018
-0.3363	0.025313	77.154	0.022202	-0.049067	0.30546
-0.3363	0.025313	77.154	0.022202	-0.049067	0.30546
-0.32938	0.02451	77.446	0.018029	-0.028762	0.30331
-0.32938	0.02451	77.446	0.018029	-0.028762	0.30331
-0.32236	0.023913	77.738	0.038918	-0.021193	0.30348
-0.32236	0.023913	77.738	0.038918	-0.021193	0.30348
-0.31504	0.023169	78.029	0.055153	-0.031865	0.28763
-0.31504	0.023169	78.029	0.055153	-0.031865	0.28763
-0.30765	0.022198	78.32	0.063017	-0.028116	0.27384
-0.30765	0.022198	78.32	0.063017	-0.028116	0.27384
-0.30057	0.021229	78.611	0.071304	-0.027488	0.29346
-0.30057	0.021229	78.611	0.071304	-0.027488	0.29346
-0.29356	0.020292	78.903	0.087538	-0.023361	0.30056
-0.29356	0.020292	78.903	0.087538	-0.023361	0.30056
-0.28615	0.019557	79.194	0.072315	-0.031832	0.29189
-0.28615	0.019557	79.194	0.072315	-0.031832	0.29189
-0.27774	0.019003	79.485	0.061047	-0.029177	0.30421
-0.27774	0.019003	79.485	0.061047	-0.029177	0.30421
-0.26918	0.01863	79.777	0.079829	-0.047817	0.31498
-0.26918	0.01863	79.777	0.079829	-0.047817	0.31498
-0.26082	0.018283	80.068	0.074177	-0.016015	0.29395
-0.26082	0.018283	80.068	0.074177	-0.016015	0.29395
-0.252	0.018085	80.359	0.081012	-0.017593	0.29591
-0.252	0.018085	80.359	0.081012	-0.017593	0.29591
-0.24274	0.01787	80.651	0.079721	-0.03531	0.28745
-0.24274	0.01787	80.651	0.079721	-0.03531	0.28745
-0.23345	0.017784	80.943	0.084966	-0.025161	0.28732
-0.23345	0.017784	80.943	0.084966	-0.025161	0.28732
-0.22376	0.017818	81.234	0.070852	-0.03887	0.27479
-0.22376	0.017818	81.234	0.070852	-0.03887	0.27479
-0.21453	0.017924	81.524	0.077399	-0.040681	0.27997
-0.21453	0.017924	81.524	0.077399	-0.040681	0.27997
-0.20577	0.018011	81.816	0.08775	-0.061334	0.29153
-0.20577	0.018011	81.816	0.08775	-0.061334	0.29153
-0.19674	0.018052	82.107	0.090397	-0.055754	0.30309
-0.19674	0.018052	82.107	0.090397	-0.055754	0.30309
-0.18785	0.018063	82.399	0.063766	-0.064687	0.29314
-0.18785	0.018063	82.399	0.063766	-0.064687	0.29314
-0.17984	0.017972	82.689	0.061991	-0.071226	0.30258
-0.17984	0.017972	82.689	0.061991	-0.071226	0.30258
-0.17188	0.017998	82.98	0.069849	-0.079241	0.29999
-0.17188	0.017998	82.98	0.069849	-0.079241	0.29999
-0.16451	0.017991	83.27	0.047636	-0.075191	0.29989
-0.16451	0.017991	83.27	0.047636	-0.075191	0.29989
-0.15672	0.017925	83.561	0.026167	-0.063396	0.28625
-0.15672	0.017925	83.561	0.026167	-0.063396	0.28625
-0.14906	0.017964	83.852	0.015986	-0.060445	0.30074
-0.14906	0.017964	83.852	0.015986	-0.060445	0.30074
-0.14126	0.018145	84.143	0.02469	-0.064113	0.28472
-0.14126	0.018145	84.143	0.02469	-0.064113	0.28472
-0.1333	0.01842	84.434	0.0032738	-0.051345	0.27025
-0.1333	0.01842	84.434	0.0032738	-0.051345	0.27025
-0.12542	0.018596	84.725	-0.0023975	-0.049974	0.27014
-0.12542	0.018596	84.725	-0.0023975	-0.049974	0.27014
-0.1177	0.01866	85.015	-0.0073775	-0.0779	0.28109
-0.1177	0.01866	85.015	-0.0073775	-0.0779	0.28109
-0.10954	0.018724	85.305	0.0014005	-0.06665	0.29602
-0.10954	0.018724	85.305	0.0014005	-0.06665	0.29602
-0.10141	0.018831	85.594	-0.0051975	-0.080292	0.26487
-0.10141	0.018831	85.594	-0.0051975	-0.080292	0.26487
-0.093701	0.018974	85.883	-0.012452	-0.077179	0.25892
-0.093701	0.018974	85.883	-0.012452	-0.077179	0.25892
-0.085786	0.019156	86.173	-0.025094	-0.071493	0.25026
-0.085786	0.019156	86.173	-0.025094	-0.071493	0.25026
-0.077599	0.019515	86.463	-0.0075603	-0.07489	0.24539
-0.077599	0.019515	86.463	-0.0075603	-0.07489	0.24539
-0.0691	0.019825	86.753	-0.0056787	-0.089029	0.24063
-0.0691	0.019825	86.753	-0.0056787	-0.089029	0.24063
-0.06026	0.02022	87.043	-0.01429	-0.094015	0.23652
-0.06026	0.02022	87.043	-0.01429	-0.094015	0.23652
-0.050478	0.02055	87.333	-0.028312	-0.092937	0.22325
-0.050478	0.02055	87.333	-0.028312	-0.092937	0.22325
-0.040749	0.020804	87.622	-0.051953	-0.086864	0.23354
-0.040749	0.020804	87.622	-0.051953	-0.086864	0.23354
-0.031058	0.021094	87.912	-0.044927	-0.086051	0.24172
-0.031058	0.021094	87.912	-0.044927	-0.086051	0.24172
-0.02193	0.021264	88.201	-0.030138	-0.094308	0.22756
-0.02193	0.021264	88.201	-0.030138	-0.094308	0.22756
-0.013278	0.021378	88.49	-0.02131	-0.10536	0.2123
-0.013278	0.021378	88.49	-0.02131	-0.10536	0.2123
-0.0051731	0.02135	88.779	-0.009224	-0.11607	0.19142
-0.0051731	0.02135	88.779	-0.009224	-0.11607	0.19142
0.0028324	0.021196	89.068	-0.00767	-0.12434	0.1862
0.0028324	0.021196	89.068	-0.00767	-0.12434	0.1862
0.010355	0.021053	89.356	-0.0079938	-0.11797	0.17729
0.010355	0.021053	89.356	-0.0079938	-0.11797	0.17729
0.017524	0.020821	89.644	-0.021626	-0.098755	0.19161
0.017524	0.020821	89.644	-0.021626	-0.098755	0.19161
0.024623	0.020311	89.932	-0.017833	-0.11298	0.16986
0.024623	0.020311	89.932	-0.017833	-0.11298	0.16986
0.031722	0.019778	90.221	-0.0078534	-0.12743	0.16816
0.031722	0.019778	90.221	-0.0078534	-0.12743	0.16816
0.038304	0.01924	90.508	0.0031009	-0.13922	0.1669
0.038304	0.01924	90.508	0.0031009	-0.13922	0.1669
0.04482	0.018821	90.796	0.0029923	-0.14919	0.16369
0.04482	0.018821	90.796	0.0029923	-0.14919	0.16369
0.051836	0.018331	91.083	-0.0025765	-0.1639	0.14104
0.051836	0.018331	91.083	-0.0025765	-0.1639	0.14104
0.058916	0.017711	91.371	0.013415	-0.17224	0.13328
0.058916	0.017711	91.371	0.013415	-0.17224	0.13328
0.065918	0.016951	91.66	0.027397	-0.17725	0.12388
0.065918	0.016951	91.66	0.027397	-0.17725	0.12388
0.07258	0.016057	91.949	0.03473	-0.18461	0.13289
0.07258	0.016057	91.949	0.03473	-0.18461	0.13289
0.078946	0.01521	92.237	0.034535	-0.16986	0.14566
0.078946	0.01521	92.237	0.034535	-0.16986	0.14566
0.085539	0.014437	92.526	0.058464	-0.16862	0.16097
0.085539	0.014437	92.526	0.058464	-0.16862	0.16097
0.09244	0.013645	92.813	0.051677	-0.14811	0.15817
0.09244	0.013645	92.813	0.051677	-0.14811	0.15817
0.099872	0.012918	93.102	0.045398	-0.16539	0.15999
0.099872	0.012918	93.102	0.045398	-0.16539	0.15999
0.1076	0.012207	93.39	0.049877	-0.15262	0.16426
0.1076	0.012207	93.39	0.049877	-0.15262	0.16426
0.11499	0.011541	93.679	0.064908	-0.13588	0.16809
0.11499	0.011541	93.679	0.064908	-0.13588	0.16809
0.12239	0.010845	93.967	0.070331	-0.13885	0.18188
0.12239	0.010845	93.967	0.070331	-0.13885	0.18188
0.13002	0.010169	94.255	0.081451	-0.13629	0.20489
0.13002	0.010169	94.255	0.081451	-0.13629	0.20489
0.1377	0.0094832	94.545	0.083831	-0.14822	0.21891
0.1377	0.0094832	94.545	0.083831	-0.14822	0.21891
0.14493	0.0087785	94.834	0.075562	-0.15791	0.21965
0.14493	0.0087785	94.834	0.075562	-0.15791	0.21965
0.15162	0.008058	95.123	0.099026	-0.14952	0.22193
0.15162	0.008058	95.123	0.099026	-0.14952	0.22193
0.15845	0.007418	95.412	0.088005	-0.13718	0.21882
0.15845	0.007418	95.412	0.088005	-0.13718	0.21882
0.16516	0.0068001	95.702	0.098783	-0.12764	0.21996
0.16516	0.0068001	95.702	0.098783	-0.12764	0.21996
0.17175	0.0061476	95.992	0.085479	-0.11997	0.24836
0.17175	0.0061476	95.992	0.085479	-0.11997	0.24836
0.17774	0.005475	96.282	0.083292	-0.12974	0.25353
0.17774	0.005475	96.282	0.083292	-0.12974	0.25353
0.18357	0.0047588	96.573	0.10438	-0.13516	0.26485
0.18357	0.0047588	96.573	0.10438	-0.13516	0.26485
0.19051	0.0040199	96.864	0.10133	-0.12636	0.27281
0.19051	0.0040199	96.864	0.10133	-0.12636	0.27281
0.19787	0.0032288	97.156	0.087664	-0.10667	0.26556
0.19787	0.0032288	97.156	0.087664	-0.10667	0.26556
0.20506	0.0025405	97.446	0.10988	-0.09504	0.25348
0.20506	0.0025405	97.446	0.10988	-0.09504	0.25348
0.21225	0.0017998	97.738	0.1139	-0.11741	0.24848
0.21225	0.0017998	97.738	0.1139	-0.11741	0.24848
0.21966	0.00085905	98.029	0.11092	-0.14758	0.25561
0.21966	0.00085905	98.029	0.11092	-0.14758	0.25561
0.22766	-0.00018162	98.32	0.12581	-0.15933	0.26346
0.22766	-0.00018162	98.32	0.12581	-0.15933	0.26346
0.23598	-0.0011652	98.611	0.13355	-0.16024	0.24185
0.23598	-0.0011652	98.611	0.13355	-0.16024	0.24185
0.24418	-0.0020724	98.902	0.14	-0.15848	0.23897
0.24418	-0.0020724	98.902	0.14	-0.15848	0.23897
0.25182	-0.0028915	99.194	0.12349	-0.15766	0.2325
0.25182	-0.0028915	99.194	0.12349	-0.15766	0.2325
0.25912	-0.003595	99.485	0.13202	-0.15961	0.21559
0.25912	-0.003595	99.485	0.13202	-0.15961	0.21559
0.2667	-0.0043971	99.775	0.12574	-0.1648	0.19714
0.2667	-0.0043971	99.775	0.12574	-0.1648	0.19714
0.27437	-0.0053001	100.07	0.11893	-0.16327	0.2108
0.27437	-0.0053001	100.07	0.11893	-0.16327	0.2108
0.2809	-0.0061894	100.36	0.15061	-0.16593	0.21983
0.2809	-0.0061894	100.36	0.15061	-0.16593	0.21983
0.28775	-0.0070206	100.65	0.15191	-0.15484	0.23202
0.28775	-0.0070206	100.65	0.15191	-0.15484	0.23202
0.29449	-0.0077467	100.94	0.14539	-0.12935	0.22254
0.29449	-0.0077467	100.94	0.14539	-0.12935	0.22254
0.30157	-0.0083336	101.23	0.1434	-0.10158	0.21122
0.30157	-0.0083336	101.23	0.1434	-0.10158	0.21122
0.30905	-0.0088513	101.52	0.12955	-0.088299	0.20883
0.30905	-0.0088513	101.52	0.12955	-0.088299	0.20883
0.31754	-0.009157	101.81	0.13815	-0.080712	0.20599
0.31754	-0.009157	101.81	0.13815	-0.080712	0.20599
0.32575	-0.00949	102.1	0.15584	-0.081615	0.2008
0.32575	-0.00949	102.1	0.15584	-0.081615	0.2008
0.33383	-0.0097962	102.39	0.1526	-0.089541	0.21628
0.33383	-0.0097962	102.39	0.1526	-0.089541	0.21628
0.34238	-0.010202	102.68	0.16407	-0.096204	0.22801
0.34238	-0.010202	102.68	0.16407	-0.096204	0.22801
0.35188	-0.010568	102.97	0.18424	-0.10022	0.22492
0.35188	-0.010568	102.97	0.18424	-0.10022	0.22492
0.36117	-0.011089	103.26	0.19763	-0.10405	0.21761
0.36117	-0.011089	103.26	0.19763	-0.10405	0.21761
0.36985	-0.011688	103.55	0.19356	-0.082704	0.20357
0.36985	-0.011688	103.55	0.19356	-0.082704	0.20357
0.37846	-0.012192	103.84	0.21546	-0.08216	0.19371
0.37846	-0.012192	103.84	0.21546	-0.08216	0.19371
0.38794	-0.012455	104.12	0.20943	-0.074836	0.19372
0.38794	-0.012455	104.12	0.20943	-0.074836	0.19372
0.39749	-0.012485	104.41	0.20365	-0.083483	0.19214
0.39749	-0.012485	104.41	0.20365	-0.083483	0.19214
0.40677	-0.012296	104.7	0.20539	-0.065064	0.20471
0.40677	-0.012296	104.7	0.20539	-0.065064	0.20471
0.41583	-0.011906	104.99	0.1757	-0.073623	0.2078
0.41583	-0.011906	104.99	0.1757	-0.073623	0.2078
0.42422	-0.01155	105.27	0.19121	-0.086565	0.23633
0.42422	-0.01155	105.27	0.19121	-0.086565	0.23633
0.43275	-0.011306	105.56	0.18714	-0.10749	0.23473
0.43275	-0.011306	105.56	0.18714	-0.10749	0.23473
0.44178	-0.011232	105.85	0.18946	-0.082838	0.24777
0.44178	-0.011232	105.85	0.18946	-0.082838	0.24777
0.45157	-0.011321	106.14	0.16126	-0.074573	0.24083
0.45157	-0.011321	106.14	0.16126	-0.074573	0.24083
0.46138	-0.011584	106.42	0.16299	-0.090425	0.21737
0.46138	-0.011584	106.42	0.16299	-0.090425	0.21737
0.47146	-0.011677	106.71	0.16596	-0.079272	0.20362
0.47146	-0.011677	106.71	0.16596	-0.079272	0.20362
0.48212	-0.011589	107	0.1488	-0.097006	0.20708
0.48212	-0.011589	107	0.1488	-0.097006	0.20708
0.49265	-0.011596	107.29	0.14326	-0.068585	0.19729
0.49265	-0.011596	107.29	0.14326	-0.068585	0.19729
0.50305	-0.011548	107.58	0.12382	-0.059083	0.21581
0.50305	-0.011548	107.58	0.12382	-0.059083	0.21581
0.51377	-0.011336	107.87	0.14879	-0.05961	0.22053
0.51377	-0.011336	107.87	0.14879	-0.05961	0.22053
0.52468	-0.011023	108.16	0.14365	-0.049158	0.21204
0.52468	-0.011023	108.16	0.14365	-0.049158	0.21204
0.5357	-0.010635	108.45	0.13486	-0.021003	0.21516
0.5357	-0.010635	108.45	0.13486	-0.021003	0.21516
0.54705	-0.010257	108.74	0.15622	-0.030187	0.20799
0.54705	-0.010257	108.74	0.15622	-0.030187	0.20799
0.5578	-0.0099251	109.03	0.15941	-0.021995	0.20421
0.5578	-0.0099251	109.03	0.15941	-0.021995	0.20421
0.56812	-0.009621	109.32	0.1625	-0.025037	0.19833
0.56812	-0.009621	109.32	0.1625	-0.025037	0.19833
0.57871	-0.0093966	109.6	0.17123	-0.041807	0.20538
0.57871	-0.0093966	109.6	0.17123	-0.041807	0.20538
0.59023	-0.0093054	109.89	0.16468	-0.023543	0.2009
0.59023	-0.0093054	109.89	0.16468	-0.023543	0.2009
0.60238	-0.009162	110.18	0.15875	-0.015811	0.19896
0.60238	-0.009162	110.18	0.15875	-0.015811	0.19896
0.61459	-0.0092723	110.47	0.15204	-0.029994	0.18779
0.61459	-0.0092723	110.47	0.15204	-0.029994	0.18779
0.62703	-0.0094526	110.76	0.14717	-0.030432	0.19656
0.62703	-0.0094526	110.76	0.14717	-0.030432	0.19656
0.63951	-0.0095401	111.05	0.1488	-0.014805	0.20544
0.63951	-0.0095401	111.05	0.1488	-0.014805	0.20544
0.65122	-0.0095601	111.33	0.1185	-0.018025	0.21128
0.65122	-0.0095601	111.33	0.1185	-0.018025	0.21128
0.66195	-0.0096589	111.62	0.1193	-0.00881	0.20603
0.66195	-0.0096589	111.62	0.1193	-0.00881	0.20603
0.672	-0.009799	111.91	0.12541	-0.018346	0.20925
0.672	-0.009799	111.91	0.12541	-0.018346	0.20925
0.68174	-0.0099664	112.2	0.11558	-0.003287	0.21053
0.68174	-0.0099664	112.2	0.11558	-0.003287	0.21053
0.69052	-0.010248	112.49	0.12903	0.0041936	0.18481
0.69052	-0.010248	112.49	0.12903	0.0041936	0.18481
0.69954	-0.010644	112.78	0.12046	0.0098028	0.17967
0.69954	-0.010644	112.78	0.12046	0.0098028	0.17967
0.70811	-0.011037	113.06	0.12949	0.007388	0.1734
0.70811	-0.011037	113.06	0.12949	0.007388	0.1734
0.71633	-0.01151	113.35	0.13469	0.038174	0.16352
0.71633	-0.01151	113.35	0.13469	0.038174	0.16352
0.72437	-0.01163	113.64	0.12	0.035589	0.18179
0.72437	-0.01163	113.64	0.12	0.035589	0.18179
0.73251	-0.011635	113.93	0.10365	0.032699	0.18393
0.73251	-0.011635	113.93	0.10365	0.032699	0.18393
0.74053	-0.011619	114.22	0.086838	0.021025	0.18114
0.74053	-0.011619	114.22	0.086838	0.021025	0.18114
0.74888	-0.011821	114.51	0.074789	0.023036	0.17836
0.74888	-0.011821	114.51	0.074789	0.023036	0.17836
0.75774	-0.012002	114.8	0.091605	0.012392	0.17527
0.75774	-0.012002	114.8	0.091605	0.012392	0.17527
0.76716	-0.012258	115.09	0.091518	0.006041	0.18459
0.76716	-0.012258	115.09	0.091518	0.006041	0.18459
0.77719	-0.012642	115.38	0.077098	-0.016211	0.1826
0.77719	-0.012642	115.38	0.077098	-0.016211	0.1826
0.78707	-0.013049	115.67	0.075444	-0.03448	0.19235
0.78707	-0.013049	115.67	0.075444	-0.03448	0.19235
0.79617	-0.01361	115.96	0.083551	-0.029872	0.18067
0.79617	-0.01361	115.96	0.083551	-0.029872	0.18067
0.80514	-0.014277	116.25	0.09602	-0.035335	0.17277
0.80514	-0.014277	116.25	0.09602	-0.035335	0.17277
0.81421	-0.014764	116.54	0.074168	-0.043939	0.16376
0.81421	-0.014764	116.54	0.074168	-0.043939	0.16376
0.82257	-0.015296	116.83	0.072179	-0.030314	0.15674
0.82257	-0.015296	116.83	0.072179	-0.030314	0.15674
0.83086	-0.015869	117.13	0.060802	-0.017731	0.14771
0.83086	-0.015869	117.13	0.060802	-0.017731	0.14771
0.83911	-0.016386	117.41	0.064196	-0.017838	0.13375
0.83911	-0.016386	117.41	0.064196	-0.017838	0.13375
0.84696	-0.01685	117.7	0.071243	-0.0078899	0.15267
0.84696	-0.01685	117.7	0.071243	-0.0078899	0.15267
0.85515	-0.017235	117.99	0.074409	-0.0076589	0.15552
0.85515	-0.017235	117.99	0.074409	-0.0076589	0.15552
0.86386	-0.017759	118.29	0.079064	-0.0069607	0.15844
0.86386	-0.017759	118.29	0.079064	-0.0069607	0.15844
0.87301	-0.018484	118.58	0.071637	0.0059947	0.15071
0.87301	-0.018484	118.58	0.071637	0.0059947	0.15071
0.88315	-0.019194	118.87	0.084144	0.023649	0.15596
0.88315	-0.019194	118.87	0.084144	0.023649	0.15596
0.89303	-0.019959	119.16	0.07759	0.0083807	0.14295
0.89303	-0.019959	119.16	0.07759	0.0083807	0.14295
0.90253	-0.020768	119.45	0.077193	0.012702	0.11814
0.90253	-0.020768	119.45	0.077193	0.012702	0.11814
0.91114	-0.021528	119.74	0.070994	0.0064766	0.12732
0.91114	-0.021528	119.74	0.070994	0.0064766	0.12732
0.91998	-0.022364	120.03	0.074942	0.011305	0.12015
0.91998	-0.022364	120.03	0.074942	0.011305	0.12015
0.92856	-0.023002	120.32	0.070341	0.0024631	0.1362
0.92856	-0.023002	120.32	0.070341	0.0024631	0.1362
0.93767	-0.023618	120.61	0.066964	-0.014824	0.11196
0.93767	-0.023618	120.61	0.066964	-0.014824	0.11196
0.94663	-0.024046	120.9	0.072282	0.015578	0.10365
0.94663	-0.024046	120.9	0.072282	0.015578	0.10365
0.9554	-0.024479	121.19	0.07947	-0.0037815	0.12335
0.9554	-0.024479	121.19	0.07947	-0.0037815	0.12335
0.96488	-0.024829	121.48	0.081624	-0.0033408	0.12014
0.96488	-0.024829	121.48	0.081624	-0.0033408	0.12014
0.97531	-0.025235	121.76	0.076742	-0.010311	0.12413
0.97531	-0.025235	121.76	0.076742	-0.010311	0.12413
0.98571	-0.025597	122.05	0.072069	0.0082513	0.12541
0.98571	-0.025597	122.05	0.072069	0.0082513	0.12541
0.99614	-0.025959	122.34	0.084648	0.021007	0.12508
0.99614	-0.025959	122.34	0.084648	0.021007	0.12508
1.0068	-0.026363	122.63	0.07374	0.014778	0.11105
1.0068	-0.026363	122.63	0.07374	0.014778	0.11105
1.0178	-0.02664	122.92	0.08763	0.027652	0.096709
1.0178	-0.02664	122.92	0.08763	0.027652	0.096709
1.0286	-0.026764	123.21	0.081045	0.023126	0.082657
1.0286	-0.026764	123.21	0.081045	0.023126	0.082657
1.0398	-0.027001	123.49	0.07607	0.035518	0.093506
1.0398	-0.027001	123.49	0.07607	0.035518	0.093506
1.05	-0.027169	123.78	0.07429	0.043297	0.10159
1.05	-0.027169	123.78	0.07429	0.043297	0.10159
1.0599	-0.027263	124.07	0.080769	0.058161	0.11338
1.0599	-0.027263	124.07	0.080769	0.058161	0.11338
1.0698	-0.027518	124.36	0.10355	0.056981	0.11043
1.0698	-0.027518	124.36	0.10355	0.056981	0.11043
1.0787	-0.02776	124.64	0.093992	0.071494	0.11382
1.0787	-0.02776	124.64	0.093992	0.071494	0.11382
1.087	-0.027938	124.93	0.09519	0.071124	0.10945
1.087	-0.027938	124.93	0.09519	0.071124	0.10945
1.0945	-0.02789	125.21	0.10686	0.077672	0.10826
1.0945	-0.02789	125.21	0.10686	0.077672	0.10826
1.1023	-0.027755	125.5	0.11916	0.077156	0.12284
1.1023	-0.027755	125.5	0.11916	0.077156	0.12284
1.1101	-0.027508	125.78	0.13404	0.090815	0.13551
1.1101	-0.027508	125.78	0.13404	0.090815	0.13551
1.1175	-0.027243	126.07	0.15603	0.09569	0.12626
1.1175	-0.027243	126.07	0.15603	0.09569	0.12626
1.1252	-0.026989	126.35	0.13859	0.0815	0.13647
1.1252	-0.026989	126.35	0.13859	0.0815	0.13647
1.133	-0.02672	126.64	0.1284	0.10215	0.12704
1.133	-0.02672	126.64	0.1284	0.10215	0.12704
1.1413	-0.0264	126.92	0.15502	0.10012	0.13398
1.1413	-0.0264	126.92	0.15502	0.10012	0.13398
1.1498	-0.026341	127.21	0.16935	0.10765	0.13556
1.1498	-0.026341	127.21	0.16935	0.10765	0.13556
1.1581	-0.02641	127.49	0.16771	0.10542	0.15463
1.1581	-0.02641	127.49	0.16771	0.10542	0.15463
1.1656	-0.026297	127.78	0.16394	0.097965	0.15003
1.1656	-0.026297	127.78	0.16394	0.097965	0.15003
1.1727	-0.026063	128.07	0.16918	0.10499	0.16836
1.1727	-0.026063	128.07	0.16918	0.10499	0.16836
1.1798	-0.025821	128.35	0.17589	0.12478	0.19855
1.1798	-0.025821	128.35	0.17589	0.12478	0.19855
1.1865	-0.025552	128.64	0.17409	0.12094	0.21317
1.1865	-0.025552	128.64	0.17409	0.12094	0.21317
1.1937	-0.025211	128.92	0.16211	0.13693	0.22096
1.1937	-0.025211	128.92	0.16211	0.13693	0.22096
1.2008	-0.024736	129.21	0.14746	0.16497	0.21258
1.2008	-0.024736	129.21	0.14746	0.16497	0.21258
1.2085	-0.024246	129.5	0.16407	0.1518	0.20043
1.2085	-0.024246	129.5	0.16407	0.1518	0.20043
1.2161	-0.024002	129.79	0.15891	0.13733	0.19777
1.2161	-0.024002	129.79	0.15891	0.13733	0.19777
1.224	-0.023723	130.07	0.15445	0.14758	0.19761
1.224	-0.023723	130.07	0.15445	0.14758	0.19761
1.232	-0.023218	130.36	0.15692	0.13688	0.20226
1.232	-0.023218	130.36	0.15692	0.13688	0.20226
1.2397	-0.022733	130.65	0.14116	0.13621	0.21249
1.2397	-0.022733	130.65	0.14116	0.13621	0.21249
1.2475	-0.02252	130.93	0.13122	0.11965	0.22074
1.2475	-0.02252	130.93	0.13122	0.11965	0.22074
1.255	-0.022158	131.22	0.12157	0.1418	0.20722
1.255	-0.022158	131.22	0.12157	0.1418	0.20722
1.2623	-0.021425	131.51	0.121	0.14741	0.20326
1.2623	-0.021425	131.51	0.121	0.14741	0.20326
1.27	-0.020746	131.79	0.1298	0.15374	0.21468
1.27	-0.020746	131.79	0.1298	0.15374	0.21468
1.2778	-0.020025	132.08	0.13825	0.14132	0.21234
1.2778	-0.020025	132.08	0.13825	0.14132	0.21234
1.2858	-0.019466	132.36	0.13962	0.13253	0.23914
1.2858	-0.019466	132.36	0.13962	0.13253	0.23914
1.2941	-0.019013	132.65	0.14026	0.10982	0.24824
1.2941	-0.019013	132.65	0.14026	0.10982	0.24824
1.3024	-0.018606	132.94	0.13296	0.11487	0.25573
1.3024	-0.018606	132.94	0.13296	0.11487	0.25573
1.3108	-0.018172	133.22	0.1322	0.10687	0.25409
1.3108	-0.018172	133.22	0.1322	0.10687	0.25409
1.3187	-0.017457	133.51	0.14469	0.092029	0.24844
1.3187	-0.017457	133.51	0.14469	0.092029	0.24844
1.3262	-0.016588	133.79	0.13172	0.093879	0.24859
1.3262	-0.016588	133.79	0.13172	0.093879	0.24859
1.3331	-0.015671	134.08	0.12959	0.085355	0.25686
1.3331	-0.015671	134.08	0.12959	0.085355	0.25686
1.341	-0.014958	134.36	0.11861	0.071987	0.2609
1.341	-0.014958	134.36	0.11861	0.071987	0.2609
1.3502	-0.014225	134.65	0.11239	0.075855	0.24213
1.3502	-0.014225	134.65	0.11239	0.075855	0.24213
1.3596	-0.013714	134.93	0.12297	0.060799	0.24938
1.3596	-0.013714	134.93	0.12297	0.060799	0.24938
1.3688	-0.013245	135.22	0.11632	0.070462	0.26027
1.3688	-0.013245	135.22	0.11632	0.070462	0.26027
1.3785	-0.012886	135.5	0.12541	0.061931	0.26345
1.3785	-0.012886	135.5	0.12541	0.061931	0.26345
1.3891	-0.012716	135.79	0.11533	0.059174	0.25979
1.3891	-0.012716	135.79	0.11533	0.059174	0.25979
1.3999	-0.012479	136.07	0.096547	0.048404	0.26174
1.3999	-0.012479	136.07	0.096547	0.048404	0.26174
1.4098	-0.012293	136.36	0.082029	0.041436	0.24397
1.4098	-0.012293	136.36	0.082029	0.041436	0.24397
1.4201	-0.012016	136.65	0.084173	0.04456	0.23679
1.4201	-0.012016	136.65	0.084173	0.04456	0.23679
1.431	-0.011907	136.93	0.058554	0.037395	0.22216
1.431	-0.011907	136.93	0.058554	0.037395	0.22216
1.4423	-0.011867	137.22	0.075199	0.02026	0.21651
1.4423	-0.011867	137.22	0.075199	0.02026	0.21651
1.4535	-0.011935	137.51	0.063515	0.018481	0.23043
1.4535	-0.011935	137.51	0.063515	0.018481	0.23043
1.4655	-0.012188	137.79	0.057624	0.043684	0.24068
1.4655	-0.012188	137.79	0.057624	0.043684	0.24068
1.4775	-0.012088	138.08	0.06244	0.038016	0.25018
1.4775	-0.012088	138.08	0.06244	0.038016	0.25018
1.4892	-0.011821	138.37	0.062178	0.063734	0.26299
1.4892	-0.011821	138.37	0.062178	0.063734	0.26299
1.5011	-0.011484	138.65	0.075777	0.066719	0.28593
1.5011	-0.011484	138.65	0.075777	0.066719	0.28593
1.5129	-0.011042	138.94	0.073183	0.066311	0.27239
1.5129	-0.011042	138.94	0.073183	0.066311	0.27239
1.5245	-0.010746	139.23	0.077857	0.077328	0.27745
1.5245	-0.010746	139.23	0.077857	0.077328	0.27745
1.5363	-0.010517	139.51	0.065726	0.095455	0.27481
1.5363	-0.010517	139.51	0.065726	0.095455	0.27481
1.5474	-0.010179	139.8	0.072978	0.10474	0.28314
1.5474	-0.010179	139.8	0.072978	0.10474	0.28314
1.5591	-0.0096491	140.09	0.077054	0.099277	0.29423
1.5591	-0.0096491	140.09	0.077054	0.099277	0.29423
1.5714	-0.0090365	140.37	0.075677	0.080842	0.311
1.5714	-0.0090365	140.37	0.075677	0.080842	0.311
1.5839	-0.0082917	140.66	0.079395	0.076844	0.3071
1.5839	-0.0082917	140.66	0.079395	0.076844	0.3071
1.5968	-0.007559	140.95	0.069811	0.087579	0.28976
1.5968	-0.007559	140.95	0.069811	0.087579	0.28976
1.6102	-0.0068882	141.23	0.098694	0.093333	0.29745
1.6102	-0.0068882	141.23	0.098694	0.093333	0.29745
1.6233	-0.0061245	141.52	0.070325	0.10246	0.3002
1.6233	-0.0061245	141.52	0.070325	0.10246	0.3002
1.6364	-0.0053455	141.8	0.050282	0.11166	0.30374
1.6364	-0.0053455	141.8	0.050282	0.11166	0.30374
1.6502	-0.004632	142.09	0.049614	0.1189	0.29469
1.6502	-0.004632	142.09	0.049614	0.1189	0.29469
1.6638	-0.0039025	142.37	0.029982	0.11697	0.29751
1.6638	-0.0039025	142.37	0.029982	0.11697	0.29751
1.6775	-0.0030981	142.66	0.003193	0.13022	0.28821
1.6775	-0.0030981	142.66	0.003193	0.13022	0.28821
1.6915	-0.0024265	142.94	0.0005254	0.12283	0.28525
1.6915	-0.0024265	142.94	0.0005254	0.12283	0.28525
1.7057	-0.0019672	143.23	0.00055641	0.12236	0.28683
1.7057	-0.0019672	143.23	0.00055641	0.12236	0.28683
1.72	-0.001578	143.51	-0.00052486	0.13771	0.28163
1.72	-0.001578	143.51	-0.00052486	0.13771	0.28163
1.7343	-0.0011278	143.8	-0.0012468	0.12299	0.27955
1.7343	-0.0011278	143.8	-0.0012468	0.12299	0.27955
1.7489	-0.00076801	144.08	0.0039586	0.14079	0.28243
1.7489	-0.00076801	144.08	0.0039586	0.14079	0.28243
1.7631	-0.00039079	144.37	0.015526	0.13096	0.301
1.7631	-0.00039079	144.37	0.015526	0.13096	0.301
1.7782	-9.8049e-05	144.65	0.027341	0.12654	0.28548
1.7782	-9.8049e-05	144.65	0.027341	0.12654	0.28548
1.7932	0.00042893	144.94	0.032373	0.13542	0.26694
1.7932	0.00042893	144.94	0.032373	0.13542	0.26694
1.8083	0.0011064	145.22	0.041769	0.14028	0.27911
1.8083	0.0011064	145.22	0.041769	0.14028	0.27911
1.8231	0.0018253	145.51	0.041985	0.16852	0.27929
1.8231	0.0018253	145.51	0.041985	0.16852	0.27929
1.838	0.0025038	145.8	0.052736	0.14467	0.31069
1.838	0.0025038	145.8	0.052736	0.14467	0.31069
1.8536	0.0030706	146.08	0.038078	0.16032	0.31425
1.8536	0.0030706	146.08	0.038078	0.16032	0.31425
1.8702	0.0035555	146.37	0.042536	0.13665	0.30128
1.8702	0.0035555	146.37	0.042536	0.13665	0.30128
1.8871	0.0040956	146.66	0.028224	0.126	0.27857
1.8871	0.0040956	146.66	0.028224	0.126	0.27857
1.9048	0.0046118	146.95	0.040906	0.125	0.29952
1.9048	0.0046118	146.95	0.040906	0.125	0.29952
1.9226	0.0052163	147.23	0.071701	0.1289	0.32121
1.9226	0.0052163	147.23	0.071701	0.1289	0.32121
1.9404	0.0057433	147.52	0.071734	0.12853	0.29621
1.9404	0.0057433	147.52	0.071734	0.12853	0.29621
1.9578	0.0065843	147.81	0.050009	0.14704	0.27467
1.9578	0.0065843	147.81	0.050009	0.14704	0.27467
1.9745	0.0074603	148.09	0.020025	0.14223	0.28756
1.9745	0.0074603	148.09	0.020025	0.14223	0.28756
1.9906	0.0080952	148.38	0.0060158	0.15271	0.28148
1.9906	0.0080952	148.38	0.0060158	0.15271	0.28148
2.0063	0.0086745	148.67	0.0035466	0.15403	0.27478
2.0063	0.0086745	148.67	0.0035466	0.15403	0.27478
2.022	0.0092845	148.96	0.0044316	0.15841	0.28262
2.022	0.0092845	148.96	0.0044316	0.15841	0.28262
2.0376	0.010041	149.25	0.012885	0.16711	0.28818
2.0376	0.010041	149.25	0.012885	0.16711	0.28818
2.0535	0.010911	149.54	0.0019693	0.162	0.29492
2.0535	0.010911	149.54	0.0019693	0.162	0.29492
2.0693	0.011776	149.82	0.01424	0.16248	0.30482
2.0693	0.011776	149.82	0.01424	0.16248	0.30482
2.0849	0.012459	150.11	0.006809	0.15593	0.31527
2.0849	0.012459	150.11	0.006809	0.15593	0.31527
2.1009	0.013073	150.4	0.0088787	0.13788	0.3292
2.1009	0.013073	150.4	0.0088787	0.13788	0.3292
2.1169	0.013608	150.69	0.0096104	0.13364	0.34498
2.1169	0.013608	150.69	0.0096104	0.13364	0.34498
2.133	0.013923	150.97	0.018206	0.14936	0.32268
2.133	0.013923	150.97	0.018206	0.14936	0.32268
2.1494	0.014117	151.26	0.025108	0.1548	0.30265
2.1494	0.014117	151.26	0.025108	0.1548	0.30265
2.1655	0.014216	151.55	0.021396	0.15083	0.30087
2.1655	0.014216	151.55	0.021396	0.15083	0.30087
2.1821	0.014334	151.84	0.030575	0.15295	0.2998
2.1821	0.014334	151.84	0.030575	0.15295	0.2998
2.199	0.014512	152.13	0.032415	0.15205	0.30947
2.199	0.014512	152.13	0.032415	0.15205	0.30947
2.2165	0.014547	152.41	0.040801	0.16029	0.33693
2.2165	0.014547	152.41	0.040801	0.16029	0.33693
2.2348	0.014555	152.7	0.043667	0.15105	0.34287
2.2348	0.014555	152.7	0.043667	0.15105	0.34287
2.2537	0.014394	152.99	0.045232	0.13147	0.33085
2.2537	0.014394	152.99	0.045232	0.13147	0.33085
2.2721	0.014374	153.28	0.052714	0.13449	0.33642
2.2721	0.014374	153.28	0.052714	0.13449	0.33642
2.2901	0.014499	153.57	0.034172	0.13441	0.3506
2.2901	0.014499	153.57	0.034172	0.13441	0.3506
2.3081	0.014807	153.85	0.039331	0.10441	0.35549
2.3081	0.014807	153.85	0.039331	0.10441	0.35549
2.3256	0.015053	154.14	0.034021	0.11438	0.35152
2.3256	0.015053	154.14	0.034021	0.11438	0.35152
2.343	0.01536	154.43	0.030964	0.11023	0.3546
2.343	0.01536	154.43	0.030964	0.11023	0.3546
2.3609	0.015761	154.72	0.026242	0.096197	0.34972
2.3609	0.015761	154.72	0.026242	0.096197	0.34972
2.3789	0.01619	155.01	0.025117	0.093354	0.3394
2.3789	0.01619	155.01	0.025117	0.093354	0.3394
2.396	0.016498	155.3	0.00558	0.078318	0.32161
2.396	0.016498	155.3	0.00558	0.078318	0.32161
2.4135	0.016864	155.59	-0.0020521	0.056185	0.3305
2.4135	0.016864	155.59	-0.0020521	0.056185	0.3305
2.4311	0.017215	155.88	-0.0084302	0.07166	0.34129
2.4311	0.017215	155.88	-0.0084302	0.07166	0.34129
2.4483	0.017599	156.17	0.003768	0.073533	0.36626
2.4483	0.017599	156.17	0.003768	0.073533	0.36626
2.4657	0.018283	156.46	0.013515	0.079955	0.36629
2.4657	0.018283	156.46	0.013515	0.079955	0.36629
2.4832	0.019219	156.75	0.012623	0.066299	0.36897
2.4832	0.019219	156.75	0.012623	0.066299	0.36897
2.5002	0.020248	157.04	0.0037012	0.062747	0.37429
2.5002	0.020248	157.04	0.0037012	0.062747	0.37429
2.5168	0.021197	157.33	0.011338	0.055957	0.3603
2.5168	0.021197	157.33	0.011338	0.055957	0.3603
2.5339	0.02203	157.62	0.011895	0.041496	0.37363
2.5339	0.02203	157.62	0.011895	0.041496	0.37363
2.5511	0.022699	157.91	0.01507	0.054917	0.37751
2.5511	0.022699	157.91	0.01507	0.054917	0.37751
2.568	0.02334	158.2	0.023396	0.050567	0.3559
2.568	0.02334	158.2	0.023396	0.050567	0.3559
2.5837	0.02387	158.49	0.038155	0.049321	0.35744
2.5837	0.02387	158.49	0.038155	0.049321	0.35744
2.5987	0.02457	158.78	0.041936	0.068254	0.35227
2.5987	0.02457	158.78	0.041936	0.068254	0.35227
2.6147	0.025549	159.07	0.038713	0.095565	0.33419
2.6147	0.025549	159.07	0.038713	0.095565	0.33419
2.6302	0.026713	159.35	0.040169	0.07938	0.35221
2.6302	0.026713	159.35	0.040169	0.07938	0.35221
2.6457	0.027788	159.64	0.046131	0.074308	0.32338
2.6457	0.027788	159.64	0.046131	0.074308	0.32338
2.6617	0.028891	159.93	0.026592	0.084578	0.31462
2.6617	0.028891	159.93	0.026592	0.084578	0.31462
2.6771	0.030106	160.22	0.023462	0.090388	0.32495
2.6771	0.030106	160.22	0.023462	0.090388	0.32495
2.6919	0.031408	160.51	0.028007	0.072845	0.32671
2.6919	0.031408	160.51	0.028007	0.072845	0.32671
2.7064	0.03285	160.79	0.037007	0.06652	0.32717
2.7064	0.03285	160.79	0.037007	0.06652	0.32717
2.7201	0.034478	161.08	0.039146	0.073339	0.31989
2.7201	0.034478	161.08	0.039146	0.073339	0.31989
2.7334	0.035984	161.37	0.028797	0.064498	0.3072
2.7334	0.035984	161.37	0.028797	0.064498	0.3072
2.7464	0.037495	161.66	0.046606	0.077818	0.32005
2.7464	0.037495	161.66	0.046606	0.077818	0.32005
2.7592	0.038744	161.95	0.054307	0.062825	0.31145
2.7592	0.038744	161.95	0.054307	0.062825	0.31145
2.7727	0.039951	162.24	0.046053	0.072261	0.31851
2.7727	0.039951	162.24	0.046053	0.072261	0.31851
2.7874	0.041038	162.53	0.039978	0.071768	0.34903
2.7874	0.041038	162.53	0.039978	0.071768	0.34903
2.8018	0.042193	162.82	0.050893	0.080754	0.34287
2.8018	0.042193	162.82	0.050893	0.080754	0.34287
2.8158	0.043481	163.11	0.046785	0.07189	0.34225
2.8158	0.043481	163.11	0.046785	0.07189	0.34225
2.8299	0.044691	163.4	0.057656	0.048817	0.3588
2.8299	0.044691	163.4	0.057656	0.048817	0.3588
2.844	0.045797	163.68	0.052631	0.041291	0.36303
2.844	0.045797	163.68	0.052631	0.041291	0.36303
2.8578	0.04707	163.97	0.046064	0.036279	0.36782
2.8578	0.04707	163.97	0.046064	0.036279	0.36782
2.8718	0.048296	164.26	0.042807	0.035581	0.38712
2.8718	0.048296	164.26	0.042807	0.035581	0.38712
2.886	0.049527	164.55	0.040218	0.030871	0.37356
2.886	0.049527	164.55	0.040218	0.030871	0.37356
2.9004	0.050788	164.84	0.043571	0.038945	0.38266
2.9004	0.050788	164.84	0.043571	0.038945	0.38266
2.9155	0.052028	165.12	0.050258	0.039315	0.38234
2.9155	0.052028	165.12	0.050258	0.039315	0.38234
2.9308	0.053441	165.41	0.061028	0.038454	0.37974
2.9308	0.053441	165.41	0.061028	0.038454	0.37974
2.9459	0.054827	165.7	0.058201	0.052765	0.37043
2.9459	0.054827	165.7	0.058201	0.052765	0.37043
2.9606	0.056301	165.98	0.079376	0.057247	0.37065
2.9606	0.056301	165.98	0.079376	0.057247	0.37065
2.9745	0.057692	166.27	0.084516	0.079013	0.3659
2.9745	0.057692	166.27	0.084516	0.079013	0.3659
2.9886	0.059147	166.56	0.072599	0.09587	0.36002
2.9886	0.059147	166.56	0.072599	0.09587	0.36002
3.0028	0.060524	166.85	0.055303	0.078162	0.36861
3.0028	0.060524	166.85	0.055303	0.078162	0.36861
3.0172	0.061746	167.13	0.051902	0.065045	0.37512
3.0172	0.061746	167.13	0.051902	0.065045	0.37512
3.0318	0.062826	167.42	0.05246	0.065596	0.35797
3.0318	0.062826	167.42	0.05246	0.065596	0.35797
3.0466	0.063857	167.71	0.046071	0.061717	0.34017
3.0466	0.063857	167.71	0.046071	0.061717	0.34017
3.0622	0.065183	168	0.042603	0.052046	0.35908
3.0622	0.065183	168	0.042603	0.052046	0.35908
3.078	0.06642	168.28	0.04111	0.055329	0.35608
3.078	0.06642	168.28	0.04111	0.055329	0.35608
3.0942	0.067827	168.57	0.048228	0.049831	0.35201
3.0942	0.067827	168.57	0.048228	0.049831	0.35201
3.1101	0.069375	168.86	0.026862	0.043507	0.34936
3.1101	0.069375	168.86	0.026862	0.043507	0.34936
3.1258	0.071162	169.14	0.030263	0.040008	0.3375
3.1258	0.071162	169.14	0.030263	0.040008	0.3375
3.1419	0.073104	169.43	0.028907	0.040226	0.33254
3.1419	0.073104	169.43	0.028907	0.040226	0.33254
3.1577	0.075122	169.72	0.031293	0.039286	0.33697
3.1577	0.075122	169.72	0.031293	0.039286	0.33697
3.173	0.076946	170.01	0.048217	0.025335	0.32864
3.173	0.076946	170.01	0.048217	0.025335	0.32864
3.1883	0.078819	170.3	0.038969	0.024354	0.31803
3.1883	0.078819	170.3	0.038969	0.024354	0.31803
3.203	0.080678	170.58	0.024457	0.030605	0.3331
3.203	0.080678	170.58	0.024457	0.030605	0.3331
3.2173	0.082635	170.87	0.042465	0.01659	0.34663
3.2173	0.082635	170.87	0.042465	0.01659	0.34663
3.2319	0.084821	171.16	0.050768	0.040335	0.33834
3.2319	0.084821	171.16	0.050768	0.040335	0.33834
3.2463	0.087189	171.45	0.048013	0.043627	0.36797
3.2463	0.087189	171.45	0.048013	0.043627	0.36797
3.2609	0.089586	171.74	0.051857	0.04969	0.38717
3.2609	0.089586	171.74	0.051857	0.04969	0.38717
3.2751	0.091926	172.02	0.036425	0.065792	0.38635
3.2751	0.091926	172.02	0.036425	0.065792	0.38635
3.2892	0.094371	172.31	0.028435	0.066796	0.3853
3.2892	0.094371	172.31	0.028435	0.066796	0.3853
3.3024	0.096897	172.6	0.014366	0.074156	0.37637
3.3024	0.096897	172.6	0.014366	0.074156	0.37637
3.315	0.099439	172.89	0.016053	0.05213	0.36118
3.315	0.099439	172.89	0.016053	0.05213	0.36118
3.3275	0.10191	173.18	-0.0064563	0.05989	0.36917
3.3275	0.10191	173.18	-0.0064563	0.05989	0.36917
3.3405	0.10437	173.47	0.019365	0.049607	0.36197
3.3405	0.10437	173.47	0.019365	0.049607	0.36197
3.3531	0.10672	173.75	0.026697	0.050224	0.33208
3.3531	0.10672	173.75	0.026697	0.050224	0.33208
3.3659	0.10893	174.04	0.034293	0.067895	0.34674
3.3659	0.10893	174.04	0.034293	0.067895	0.34674
3.3793	0.11099	174.33	0.044151	0.062959	0.37046
3.3793	0.11099	174.33	0.044151	0.062959	0.37046
3.3929	0.113	174.61	0.043065	0.053692	0.3602
3.3929	0.113	174.61	0.043065	0.053692	0.3602
3.407	0.11501	174.9	0.034709	0.039477	0.34768
3.407	0.11501	174.9	0.034709	0.039477	0.34768
3.4209	0.11687	175.19	0.034384	0.063044	0.35452
3.4209	0.11687	175.19	0.034384	0.063044	0.35452
3.4346	0.1186	175.47	0.032419	0.058876	0.3555
3.4346	0.1186	175.47	0.032419	0.058876	0.3555
3.448	0.12014	175.76	0.02434	0.047044	0.36038
3.448	0.12014	175.76	0.02434	0.047044	0.36038
3.4612	0.12167	176.05	0.023692	0.039526	0.35255
3.4612	0.12167	176.05	0.023692	0.039526	0.35255
3.4742	0.12301	176.33	0.031498	0.045043	0.35453
3.4742	0.12301	176.33	0.031498	0.045043	0.35453
3.4873	0.12449	176.62	0.021747	0.035888	0.34279
3.4873	0.12449	176.62	0.021747	0.035888	0.34279
3.4999	0.12612	176.91	0.036806	0.046229	0.3582
3.4999	0.12612	176.91	0.036806	0.046229	0.3582
3.5121	0.1279	177.19	0.035605	0.052219	0.33058
3.5121	0.1279	177.19	0.035605	0.052219	0.33058
3.5244	0.12973	177.48	0.040075	0.06585	0.33665
3.5244	0.12973	177.48	0.040075	0.06585	0.33665
3.5363	0.13177	177.77	0.058627	0.056259	0.33704
3.5363	0.13177	177.77	0.058627	0.056259	0.33704
3.5479	0.13362	178.05	0.057373	0.061726	0.32389
3.5479	0.13362	178.05	0.057373	0.061726	0.32389
3.5598	0.13528	178.34	0.063874	0.064588	0.32821
3.5598	0.13528	178.34	0.063874	0.064588	0.32821
3.5725	0.13696	178.63	0.065031	0.060643	0.34912
3.5725	0.13696	178.63	0.065031	0.060643	0.34912
3.5856	0.1385	178.92	0.062952	0.057026	0.32625
3.5856	0.1385	178.92	0.062952	0.057026	0.32625
3.5978	0.14028	179.2	0.040222	0.056028	0.33403
3.5978	0.14028	179.2	0.040222	0.056028	0.33403
3.61	0.14219	179.49	0.054157	0.057469	0.3185
3.61	0.14219	179.49	0.054157	0.057469	0.3185
3.6221	0.14406	179.78	0.059679	0.062651	0.32173
3.6221	0.14406	179.78	0.059679	0.062651	0.32173
3.6345	0.14593	180.07	0.05351	0.065464	0.31452
3.6345	0.14593	180.07	0.05351	0.065464	0.31452
3.6472	0.14801	180.36	0.062301	0.068454	0.29707
3.6472	0.14801	180.36	0.062301	0.068454	0.29707
3.66	0.15017	180.65	0.064108	0.083703	0.27574
3.66	0.15017	180.65	0.064108	0.083703	0.27574
3.6734	0.15227	180.94	0.074269	0.093398	0.27758
3.6734	0.15227	180.94	0.074269	0.093398	0.27758
3.6865	0.15425	181.23	0.071355	0.10543	0.26454
3.6865	0.15425	181.23	0.071355	0.10543	0.26454
3.6996	0.15628	181.52	0.077292	0.10948	0.27257
3.6996	0.15628	181.52	0.077292	0.10948	0.27257
3.7131	0.1582	181.81	0.083661	0.089506	0.25389
3.7131	0.1582	181.81	0.083661	0.089506	0.25389
3.7268	0.15998	182.1	0.078638	0.085758	0.26158
3.7268	0.15998	182.1	0.078638	0.085758	0.26158
3.7408	0.16174	182.39	0.054682	0.095812	0.24586
3.7408	0.16174	182.39	0.054682	0.095812	0.24586
3.7544	0.1636	182.68	0.033771	0.10332	0.21479
3.7544	0.1636	182.68	0.033771	0.10332	0.21479
3.7677	0.16562	182.97	0.042863	0.099418	0.21622
3.7677	0.16562	182.97	0.042863	0.099418	0.21622
3.7806	0.16756	183.26	0.058044	0.099249	0.22878
3.7806	0.16756	183.26	0.058044	0.099249	0.22878
3.7938	0.16944	183.55	0.068269	0.090882	0.23255
3.7938	0.16944	183.55	0.068269	0.090882	0.23255
3.8075	0.17132	183.84	0.090988	0.11219	0.23552
3.8075	0.17132	183.84	0.090988	0.11219	0.23552
3.8215	0.17328	184.13	0.072598	0.091569	0.24703
3.8215	0.17328	184.13	0.072598	0.091569	0.24703
3.8355	0.17524	184.42	0.083481	0.090605	0.25489
3.8355	0.17524	184.42	0.083481	0.090605	0.25489
3.8493	0.17742	184.71	0.090898	0.10142	0.24878
3.8493	0.17742	184.71	0.090898	0.10142	0.24878
3.8633	0.17966	185.01	0.076309	0.096044	0.23608
3.8633	0.17966	185.01	0.076309	0.096044	0.23608
3.8771	0.18183	185.3	0.07629	0.10338	0.25053
3.8771	0.18183	185.3	0.07629	0.10338	0.25053
3.8908	0.18399	185.59	0.077062	0.10917	0.2423
3.8908	0.18399	185.59	0.077062	0.10917	0.2423
3.9052	0.18606	185.88	0.087938	0.099393	0.23845
3.9052	0.18606	185.88	0.087938	0.099393	0.23845
3.9195	0.18809	186.16	0.094434	0.075233	0.23323
3.9195	0.18809	186.16	0.094434	0.075233	0.23323
3.9336	0.19	186.45	0.098343	0.091048	0.24127
3.9336	0.19	186.45	0.098343	0.091048	0.24127
3.9472	0.19216	186.74	0.08723	0.078589	0.24945
3.9472	0.19216	186.74	0.08723	0.078589	0.24945
3.9617	0.1942	187.03	0.081789	0.069561	0.23892
3.9617	0.1942	187.03	0.081789	0.069561	0.23892
3.9761	0.19582	187.32	0.06672	0.052006	0.22185
3.9761	0.19582	187.32	0.06672	0.052006	0.22185
3.9902	0.19734	187.61	0.069334	0.060896	0.22684
3.9902	0.19734	187.61	0.069334	0.060896	0.22684
4.0053	0.1988	187.91	0.072067	0.054285	0.22362
4.0053	0.1988	187.91	0.072067	0.054285	0.22362
4.021	0.20018	188.2	0.080307	0.04779	0.24644
4.021	0.20018	188.2	0.080307	0.04779	0.24644
4.0367	0.2015	188.49	0.081569	0.058354	0.24398
4.0367	0.2015	188.49	0.081569	0.058354	0.24398
4.0517	0.20296	188.78	0.08408	0.04242	0.25078
4.0517	0.20296	188.78	0.08408	0.04242	0.25078
4.0671	0.20416	189.07	0.082618	0.03619	0.26107
4.0671	0.20416	189.07	0.082618	0.03619	0.26107
4.0826	0.20532	189.37	0.077345	0.036783	0.23533
4.0826	0.20532	189.37	0.077345	0.036783	0.23533
4.097	0.20665	189.66	0.090042	0.051228	0.24533
4.097	0.20665	189.66	0.090042	0.051228	0.24533
4.1105	0.20821	189.95	0.11075	0.047518	0.22933
4.1105	0.20821	189.95	0.11075	0.047518	0.22933
4.1242	0.20967	190.24	0.11569	0.050406	0.23462
4.1242	0.20967	190.24	0.11569	0.050406	0.23462
4.138	0.21108	190.54	0.13536	0.052087	0.23137
4.138	0.21108	190.54	0.13536	0.052087	0.23137
4.1517	0.21259	190.83	0.13364	0.045095	0.2356
4.1517	0.21259	190.83	0.13364	0.045095	0.2356
4.1659	0.21423	191.12	0.12998	0.057886	0.23286
4.1659	0.21423	191.12	0.12998	0.057886	0.23286
4.18	0.21585	191.41	0.12107	0.064689	0.25112
4.18	0.21585	191.41	0.12107	0.064689	0.25112
4.194	0.21757	191.71	0.12595	0.09958	0.23941
4.194	0.21757	191.71	0.12595	0.09958	0.23941
4.2077	0.21939	192	0.14599	0.075973	0.23678
4.2077	0.21939	192	0.14599	0.075973	0.23678
4.222	0.22106	192.29	0.16125	0.086959	0.25062
4.222	0.22106	192.29	0.16125	0.086959	0.25062
4.236	0.22269	192.58	0.17289	0.08484	0.22948
4.236	0.22269	192.58	0.17289	0.08484	0.22948
4.2497	0.22428	192.87	0.1663	0.088221	0.21215
4.2497	0.22428	192.87	0.1663	0.088221	0.21215
4.2629	0.22597	193.16	0.17838	0.071786	0.1969
4.2629	0.22597	193.16	0.17838	0.071786	0.1969
4.2761	0.2274	193.45	0.19195	0.066191	0.18684
4.2761	0.2274	193.45	0.19195	0.066191	0.18684
4.2895	0.22855	193.74	0.1766	0.073505	0.19102
4.2895	0.22855	193.74	0.1766	0.073505	0.19102
4.3025	0.22957	194.03	0.16348	0.067201	0.1714
4.3025	0.22957	194.03	0.16348	0.067201	0.1714
4.3158	0.23072	194.32	0.1635	0.065976	0.15131
4.3158	0.23072	194.32	0.1635	0.065976	0.15131
4.3283	0.23194	194.61	0.15669	0.092709	0.15842
4.3283	0.23194	194.61	0.15669	0.092709	0.15842
4.3407	0.23314	194.9	0.17679	0.11237	0.17461
4.3407	0.23314	194.9	0.17679	0.11237	0.17461
4.3538	0.2346	195.19	0.15677	0.12154	0.1726
4.3538	0.2346	195.19	0.15677	0.12154	0.1726
4.3675	0.23616	195.48	0.15057	0.12591	0.15222
4.3675	0.23616	195.48	0.15057	0.12591	0.15222
4.3812	0.23765	195.76	0.16071	0.13156	0.12761
4.3812	0.23765	195.76	0.16071	0.13156	0.12761
4.3955	0.23899	196.05	0.15656	0.16019	0.1418
4.3955	0.23899	196.05	0.15656	0.16019	0.1418
4.409	0.24048	196.34	0.17964	0.17442	0.14173
4.409	0.24048	196.34	0.17964	0.17442	0.14173
4.423	0.24188	196.63	0.17605	0.16375	0.12982
4.423	0.24188	196.63	0.17605	0.16375	0.12982
4.4376	0.24327	196.92	0.15966	0.17397	0.14511
4.4376	0.24327	196.92	0.15966	0.17397	0.14511
4.4525	0.24478	197.21	0.16244	0.17313	0.13958
4.4525	0.24478	197.21	0.16244	0.17313	0.13958
4.4675	0.24632	197.5	0.15397	0.16779	0.155
4.4675	0.24632	197.5	0.15397	0.16779	0.155
4.4829	0.24777	197.79	0.14158	0.16323	0.15273
4.4829	0.24777	197.79	0.14158	0.16323	0.15273
4.4987	0.24907	198.08	0.13918	0.15488	0.17022
4.4987	0.24907	198.08	0.13918	0.15488	0.17022
4.5141	0.25052	198.37	0.13451	0.13949	0.17028
4.5141	0.25052	198.37	0.13451	0.13949	0.17028
4.529	0.2519	198.66	0.13969	0.14122	0.15672
4.529	0.2519	198.66	0.13969	0.14122	0.15672
4.5437	0.25328	198.95	0.15531	0.14124	0.1568
4.5437	0.25328	198.95	0.15531	0.14124	0.1568
4.5588	0.25465	199.24	0.15957	0.1289	0.14455
4.5588	0.25465	199.24	0.15957	0.1289	0.14455
4.5742	0.25618	199.53	0.15462	0.13973	0.15085
4.5742	0.25618	199.53	0.15462	0.13973	0.15085
4.5888	0.25779	199.82	0.1552	0.14272	0.13269
4.5888	0.25779	199.82	0.1552	0.14272	0.13269
4.6039	0.25956	200.11	0.15386	0.13119	0.13724
4.6039	0.25956	200.11	0.15386	0.13119	0.13724
4.6184	0.26132	200.4	0.16426	0.12804	0.14501
4.6184	0.26132	200.4	0.16426	0.12804	0.14501
4.6334	0.26297	200.69	0.17599	0.11615	0.12568
4.6334	0.26297	200.69	0.17599	0.11615	0.12568
4.6487	0.2644	200.98	0.14977	0.10613	0.13169
4.6487	0.2644	200.98	0.14977	0.10613	0.13169
4.6637	0.26578	201.27	0.14796	0.099661	0.13948
4.6637	0.26578	201.27	0.14796	0.099661	0.13948
4.6779	0.26724	201.56	0.13269	0.097769	0.14082
4.6779	0.26724	201.56	0.13269	0.097769	0.14082
4.6916	0.26865	201.85	0.13832	0.090462	0.14316
4.6916	0.26865	201.85	0.13832	0.090462	0.14316
4.7046	0.27035	202.14	0.11057	0.1193	0.14211
4.7046	0.27035	202.14	0.11057	0.1193	0.14211
4.7175	0.27217	202.43	0.11068	0.11699	0.15391
4.7175	0.27217	202.43	0.11068	0.11699	0.15391
4.7307	0.27405	202.72	0.11544	0.10989	0.16705
4.7307	0.27405	202.72	0.11544	0.10989	0.16705
4.7441	0.27584	203.01	0.13464	0.10689	0.17708
4.7441	0.27584	203.01	0.13464	0.10689	0.17708
4.7571	0.27758	203.3	0.14803	0.10027	0.16645
4.7571	0.27758	203.3	0.14803	0.10027	0.16645
4.7698	0.27916	203.59	0.1441	0.085298	0.14953
4.7698	0.27916	203.59	0.1441	0.085298	0.14953
4.7825	0.28059	203.88	0.14437	0.10019	0.16668
4.7825	0.28059	203.88	0.14437	0.10019	0.16668
4.7957	0.28202	204.17	0.146	0.088931	0.15638
4.7957	0.28202	204.17	0.146	0.088931	0.15638
4.8096	0.28352	204.46	0.16121	0.10076	0.13486
4.8096	0.28352	204.46	0.16121	0.10076	0.13486
4.8227	0.28504	204.75	0.15609	0.092582	0.14804
4.8227	0.28504	204.75	0.15609	0.092582	0.14804
4.8357	0.28643	205.04	0.14373	0.093807	0.13958
4.8357	0.28643	205.04	0.14373	0.093807	0.13958
4.8486	0.288	205.33	0.12258	0.091823	0.16383
4.8486	0.288	205.33	0.12258	0.091823	0.16383
4.8621	0.28955	205.62	0.12102	0.082055	0.15295
4.8621	0.28955	205.62	0.12102	0.082055	0.15295
4.8761	0.29112	205.91	0.12217	0.097202	0.14652
4.8761	0.29112	205.91	0.12217	0.097202	0.14652
4.89	0.29275	206.2	0.10498	0.10474	0.14999
4.89	0.29275	206.2	0.10498	0.10474	0.14999
4.904	0.29422	206.49	0.10489	0.10679	0.13377
4.904	0.29422	206.49	0.10489	0.10679	0.13377
4.9179	0.2956	206.78	0.1106	0.08378	0.12636
4.9179	0.2956	206.78	0.1106	0.08378	0.12636
4.9316	0.29716	207.07	0.11083	0.091745	0.11344
4.9316	0.29716	207.07	0.11083	0.091745	0.11344
4.945	0.29868	207.36	0.12044	0.063569	0.1271
4.945	0.29868	207.36	0.12044	0.063569	0.1271
4.9581	0.30004	207.65	0.13442	0.071365	0.12047
4.9581	0.30004	207.65	0.13442	0.071365	0.12047
4.9707	0.30148	207.94	0.15015	0.076191	0.11268
4.9707	0.30148	207.94	0.15015	0.076191	0.11268
4.9834	0.30282	208.22	0.14486	0.072441	0.11023
4.9834	0.30282	208.22	0.14486	0.072441	0.11023
4.996	0.30379	208.51	0.14499	0.05831	0.096304
4.996	0.30379	208.51	0.14499	0.05831	0.096304
5.0078	0.3046	208.81	0.13919	0.056932	0.090086
5.0078	0.3046	208.81	0.13919	0.056932	0.090086
5.0204	0.30531	209.1	0.14106	0.042119	0.10674
5.0204	0.30531	209.1	0.14106	0.042119	0.10674
5.0334	0.30618	209.39	0.15324	0.044387	0.11142