0	2	0	30	-15	0
0	2	0	30	-15	0
0	2	0	30	-15	0
0.012375	2	0.021695	30	-15	0
0.012375	2	0.021695	30	-15	0
0.049752	2	0.087218	30	-15	0
0.049752	2	0.087218	30	-15	0
0.11213	2	0.19657	30	-15	0
0.11213	2	0.19657	30	-15	0
0.19951	2	0.34975	30	-15	0
0.19951	2	0.34975	30	-15	0
0.29951	2	0.52506	30	-15	0
0.29951	2	0.52506	30	-15	0
0.39952	2	0.70037	30	-15	0
0.39952	2	0.70037	30	-15	0
0.49952	2	0.87568	30	-15	0
0.49952	2	0.87568	30	-15	0
0.59953	2	1.051	30	-15	0
0.59953	2	1.051	30	-15	0
0.69953	2	1.2263	30	-15	0
0.69953	2	1.2263	30	-15	0
0.79954	2	1.4016	30	-15	0
0.79954	2	1.4016	30	-15	0
0.89954	2	1.5769	30	-15	0
0.89954	2	1.5769	30	-15	0
0.99955	2	1.7522	30	-15	0
0.99955	2	1.7522	30	-15	0
1.0996	2	1.9276	30	-15	0
1.0996	2	1.9276	30	-15	0
1.1996	2	2.1029	30	-15	0
1.1996	2	2.1029	30	-15	0
1.2996	2	2.2782	30	-15	0
1.2996	2	2.2782	30	-15	0
1.3996	2	2.4535	30	-15	0
1.3996	2	2.4535	30	-15	0
1.4996	2	2.6288	30	-15	0
1.4996	2	2.6288	30	-15	0
1.5996	2	2.8041	30	-15	0
1.5996	2	2.8041	30	-15	0
1.6996	2	2.9794	30	-15	0
1.6996	2	2.9794	30	-15	0
1.7996	2	3.1548	30	-15	0
1.7996	2	3.1548	30	-15	0
1.8996	2	3.3301	30	-15	0
1.8996	2	3.3301	30	-15	0
1.9996	2	3.5054	30	-15	0
1.9996	2	3.5054	30	-15	0
2.0996	2	3.6807	30	-15	0
2.0996	2	3.6807	30	-15	0
2.1996	2	3.856	30	-15	0
2.1996	2	3.856	30	-15	0
2.2996	2	4.0313	30	-15	0
2.2996	2	4.0313	30	-15	0
2.3996	2	4.2067	30	-15	0
2.3996	2	4.2067	30	-15	0
2.4997	2	4.382	30	-15	0
2.4997	2	4.382	30	-15	0
2.5997	2	4.5573	30	-15	0
2.5997	2	4.5573	30	-15	0
2.6997	2	4.7326	30	-15	0
2.6997	2	4.7326	30	-15	0
2.7997	2	4.9079	30	-15	0
2.7997	2	4.9079	30	-15	0
2.8997	2	5.0832	30	-15	0
2.8997	2	5.0832	30	-15	0
2.9997	2	5.2586	30	-15	0
2.9997	2	5.2586	30	-15	0
3.0997	2	5.4339	30	-15	0
3.0997	2	5.4339	30	-15	0
3.1997	2	5.6092	30	-15	0
3.1997	2	5.6092	30	-15	0
3.2997	2	5.7845	30	-15	0
3.2997	2	5.7845	30	-15	0
3.3997	2	5.9598	30	-15	0
3.3997	2	5.9598	30	-15	0
3.4997	2	6.1351	30	-15	0
3.4997	2	6.1351	30	-15	0
3.5998	2	6.3105	30	-15	0
3.5998	2	6.3105	30	-15	0
3.6998	2	6.4858	30	-15	0
3.6998	2	6.4858	30	-15	0
3.7998	2	6.6611	30	-15	0
3.7998	2	6.6611	30	-15	0
3.8998	2	6.8364	30	-15	0
3.8998	2	6.8364	30	-15	0
3.9998	2	7.0117	30	-15	0
3.9998	2	7.0117	30	-15	0
4.0998	2	7.1871	30	-15	0
4.0998	2	7.1871	30	-15	0
4.1998	2	7.3624	30	-15	0
4.1998	2	7.3624	30	-15	0
4.2998	2	7.5377	30	-15	0
4.2998	2	7.5377	30	-15	0
4.3999	2	7.713	30	-15	0
4.3999	2	7.713	30	-15	0
4.4999	2	7.8883	30	-15	0
4.4999	2	7.8883	30	-15	0
4.5999	2	8.0637	30	-15	0
4.5999	2	8.0637	30	-15	0
4.6999	2	8.239	30	-15	0
4.6999	2	8.239	30	-15	0
4.7999	2	8.4143	30	-15	0
4.7999	2	8.4143	30	-15	0
4.8999	2	8.5896	30	-15	0
4.8999	2	8.5896	30	-15	0
4.9999	2	8.765	30	-15	0
4.9999	2	8.765	30	-15	0
5.0999	2	8.9403	30	-15	0
5.0999	2	8.9403	30	-15	0
5.2	2	9.1156	30	-15	0
5.2	2	9.1156	30	-15	0
5.3	2	9.2909	30	-15	0
5.3	2	9.2909	30	-15	0
5.4	2	9.4662	30	-15	0
5.4	2	9.4662	30	-15	0
5.5	2	9.6416	30	-15	0
5.5	2	9.6416	30	-15	0
5.6	2	9.8169	30	-15	0
5.6	2	9.8169	30	-15	0
5.7	2	9.9922	30	-15	0
5.7	2	9.9922	30	-15	0
5.8	2	10.168	30.017	-15	0
5.8	2	10.168	30.017	-15	0
5.8993	2	10.344	30.874	-15	0
5.8993	2	10.344	30.874	-15	0
5.997	2	10.523	31.731	-15	0
5.997	2	10.523	31.731	-15	0
6.0931	2	10.705	32.589	-15	0
6.0931	2	10.705	32.589	-15	0
6.1876	2	10.89	33.446	-15	0
6.1876	2	10.89	33.446	-15	0
6.2805	2	11.077	34.303	-15	0
6.2805	2	11.077	34.303	-15	0
6.3717	2	11.266	35.16	-15	0
6.3717	2	11.266	35.16	-15	0
6.4611	2	11.458	36.017	-15	0
6.4611	2	11.458	36.017	-15	0
6.5488	1.9999	11.652	36.874	-15	0
6.5488	1.9999	11.652	36.874	-15	0
6.6348	1.9999	11.849	37.731	-15	0
6.6348	1.9999	11.849	37.731	-15	0
6.7188	1.9999	12.048	38.589	-15	0
6.7188	1.9999	12.048	38.589	-15	0
6.801	1.9999	12.25	39.446	-15	0
6.801	1.9999	12.25	39.446	-15	0
6.8813	1.9999	12.454	40.303	-15	0
6.8813	1.9999	12.454	40.303	-15	0
6.9597	1.9999	12.66	41.16	-15	0
6.9597	1.9999	12.66	41.16	-15	0
7.0361	1.9999	12.868	42.017	-15	0
7.0361	1.9999	12.868	42.017	-15	0
7.1105	1.9999	13.079	42.874	-15	0
7.1105	1.9999	13.079	42.874	-15	0
7.1829	1.9999	13.292	43.731	-15	0
7.1829	1.9999	13.292	43.731	-15	0
7.2532	1.9999	13.507	44.589	-15	0
7.2532	1.9999	13.507	44.589	-15	0
7.3214	1.9999	13.724	45.446	-15	0
7.3214	1.9999	13.724	45.446	-15	0
7.3875	1.9999	13.944	46.303	-15	0
7.3875	1.9999	13.944	46.303	-15	0
7.4514	1.9999	14.165	47.16	-15	0
7.4514	1.9999	14.165	47.16	-15	0
7.5131	1.9999	14.389	48.017	-15	0
7.5131	1.9999	14.389	48.017	-15	0
7.5725	1.9999	14.614	48.874	-15	0
7.5725	1.9999	14.614	48.874	-15	0
7.6298	1.9999	14.842	49.731	-15	0
7.6298	1.9999	14.842	49.731	-15	0
7.6847	1.9999	15.072	50.589	-15	0
7.6847	1.9999	15.072	50.589	-15	0
7.7374	1.9999	15.303	51.446	-15	0
7.7374	1.9999	15.303	51.446	-15	0
7.7877	1.9999	15.536	52.303	-15	0
7.7877	1.9999	15.536	52.303	-15	0
7.8356	1.9999	15.772	53.16	-15	0
7.8356	1.9999	15.772	53.16	-15	0
7.8811	1.9999	16.009	54.017	-15	0
7.8811	1.9999	16.009	54.017	-15	0
7.9242	1.9999	16.247	54.874	-15	0
7.9242	1.9999	16.247	54.874	-15	0
7.9649	1.9999	16.488	55.714	-15	0
7.9649	1.9999	16.488	55.714	-15	0
8.0044	1.9999	16.729	55.714	-15	0
8.0044	1.9999	16.729	55.714	-15	0
8.0439	1.9999	16.971	55.714	-15	0
8.0439	1.9999	16.971	55.714	-15	0
8.0833	1.9999	17.212	55.714	-15	0
8.0833	1.9999	17.212	55.714	-15	0
8.1228	1.9999	17.453	55.714	-15	0
8.1228	1.9999	17.453	55.714	-15	0
8.1623	1.9999	17.695	55.714	-15	0
8.1623	1.9999	17.695	55.714	-15	0
8.2017	1.9999	17.936	55.714	-15	0
8.2017	1.9999	17.936	55.714	-15	0
8.2412	1.9999	18.177	55.714	-15	0
8.2412	1.9999	18.177	55.714	-15	0
8.2807	1.9999	18.419	55.714	-15	0
8.2807	1.9999	18.419	55.714	-15	0
8.3202	1.9999	18.66	55.714	-15	0
8.3202	1.9999	18.66	55.714	-15	0
8.3596	1.9999	18.902	55.714	-15	0
8.3596	1.9999	18.902	55.714	-15	0
8.3991	1.9999	19.143	55.714	-15	0
8.3991	1.9999	19.143	55.714	-15	0
8.4386	1.9999	19.384	55.714	-15	0
8.4386	1.9999	19.384	55.714	-15	0
8.4781	1.9999	19.626	55.714	-15	0
8.4781	1.9999	19.626	55.714	-15	0
8.5175	1.9999	19.867	55.714	-15	0
8.5175	1.9999	19.867	55.714	-15	0
8.557	1.9999	20.108	55.714	-15	0
8.557	1.9999	20.108	55.714	-15	0
8.5965	1.9999	20.35	55.714	-15	0
8.5965	1.9999	20.35	55.714	-15	0
8.636	1.9999	20.591	55.714	-15	0
8.636	1.9999	20.591	55.714	-15	0
8.6754	1.9999	20.832	55.714	-15	0
8.6754	1.9999	20.832	55.714	-15	0
8.7149	1.9999	21.074	55.714	-15	0
8.7149	1.9999	21.074	55.714	-15	0
8.7544	1.9998	21.315	55.714	-15	0
8.7544	1.9998	21.315	55.714	-15	0
8.7939	1.9998	21.557	55.714	-15	0
8.7939	1.9998	21.557	55.714	-15	0
8.8334	1.9998	21.798	55.714	-15	0
8.8334	1.9998	21.798	55.714	-15	0
8.8728	1.9998	22.039	55.714	-15	0
8.8728	1.9998	22.039	55.714	-15	0
8.9123	1.9998	22.281	55.714	-15	0
8.9123	1.9998	22.281	55.714	-15	0
8.9518	1.9998	22.522	55.714	-15	0
8.9518	1.9998	22.522	55.714	-15	0
8.9913	1.9998	22.763	55.714	-15	0
8.9913	1.9998	22.763	55.714	-15	0
9.0307	1.9998	23.005	55.714	-15	0
9.0307	1.9998	23.005	55.714	-15	0
9.0702	1.9998	23.246	55.714	-15	0
9.0702	1.9998	23.246	55.714	-15	0
9.1097	1.9998	23.488	55.714	-15	0
9.1097	1.9998	23.488	55.714	-15	0
9.1492	1.9998	23.729	55.714	-15	0
9.1492	1.9998	23.729	55.714	-15	0
9.1887	1.9998	23.97	55.714	-15	0
9.1887	1.9998	23.97	55.714	-15	0
9.2281	1.9998	24.212	55.714	-15	0
9.2281	1.9998	24.212	55.714	-15	0
9.2676	1.9998	24.453	55.714	-15	0
9.2676	1.9998	24.453	55.714	-15	0
9.3071	1.9998	24.694	55.714	-15	0
9.3071	1.9998	24.694	55.714	-15	0
9.3466	1.9998	24.936	55.714	-15	0
9.3466	1.9998	24.936	55.714	-15	0
9.3861	1.9998	25.177	55.714	-15	0
9.3861	1.9998	25.177	55.714	-15	0
9.4255	1.9998	25.419	55.714	-15	0
9.4255	1.9998	25.419	55.714	-15	0
9.465	1.9998	25.66	55.714	-15	0
9.465	1.9998	25.66	55.714	-15	0
9.5045	1.9998	25.901	55.714	-15	0
9.5045	1.9998	25.901	55.714	-15	0
9.544	1.9998	26.143	55.714	-15	0
9.544	1.9998	26.143	55.714	-15	0
9.5835	1.9998	26.384	55.714	-15	0
9.5835	1.9998	26.384	55.714	-15	0
9.6229	1.9998	26.625	55.714	-15	0
9.6229	1.9998	26.625	55.714	-15	0
9.6624	1.9998	26.867	55.714	-15	0
9.6624	1.9998	26.867	55.714	-15	0
9.7019	1.9998	27.108	55.714	-15	0
9.7019	1.9998	27.108	55.714	-15	0
9.7414	1.9998	27.35	55.714	-15	0
9.7414	1.9998	27.35	55.714	-15	0
9.7809	1.9998	27.591	55.714	-15	0
9.7809	1.9998	27.591	55.714	-15	0
9.8203	1.9997	27.832	55.714	-15	0
9.8203	1.9997	27.832	55.714	-15	0
9.8598	1.9997	28.074	55.714	-15	0
9.8598	1.9997	28.074	55.714	-15	0
9.8993	1.9997	28.315	55.714	-15	0
9.8993	1.9997	28.315	55.714	-15	0
9.9388	1.9997	28.556	55.714	-15	0
9.9388	1.9997	28.556	55.714	-15	0
9.9783	1.9997	28.798	55.714	-15	0
9.9783	1.9997	28.798	55.714	-15	0
10.018	1.9997	29.039	55.714	-15	0
10.018	1.9997	29.039	55.714	-15	0
10.057	1.9997	29.281	55.714	-15	0
10.057	1.9997	29.281	55.714	-15	0
10.097	1.9997	29.522	55.714	-15	0
10.097	1.9997	29.522	55.714	-15	0
10.136	1.9997	29.763	55.714	-15	0
10.136	1.9997	29.763	55.714	-15	0
10.176	1.9997	30.005	55.714	-15	0
10.176	1.9997	30.005	55.714	-15	0
10.215	1.9997	30.246	55.714	-15	0
10.215	1.9997	30.246	55.714	-15	0
10.255	1.9997	30.487	55.714	-15	0
10.255	1.9997	30.487	55.714	-15	0
10.294	1.9997	30.729	55.714	-15	0
10.294	1.9997	30.729	55.714	-15	0
10.334	1.9997	30.97	55.69	-15	0
10.334	1.9997	30.97	55.69	-15	0
10.375	1.9997	31.21	54.49	-15	0
10.375	1.9997	31.21	54.49	-15	0
10.42	1.9997	31.448	53.29	-15	0
10.42	1.9997	31.448	53.29	-15	0
10.468	1.9997	31.683	52.09	-15	0
10.468	1.9997	31.683	52.09	-15	0
10.519	1.9997	31.916	50.89	-15	0
10.519	1.9997	31.916	50.89	-15	0
10.573	1.9997	32.145	49.69	-15	0
10.573	1.9997	32.145	49.69	-15	0
10.631	1.9997	32.373	48.49	-15	0
10.631	1.9997	32.373	48.49	-15	0
10.692	1.9997	32.597	47.29	-15	0
10.692	1.9997	32.597	47.29	-15	0
10.756	1.9997	32.818	46.09	-15	0
10.756	1.9997	32.818	46.09	-15	0
10.823	1.9997	33.037	44.89	-15	0
10.823	1.9997	33.037	44.89	-15	0
10.893	1.9996	33.252	43.69	-15	0
10.893	1.9996	33.252	43.69	-15	0
10.966	1.9996	33.465	42.49	-15	0
10.966	1.9996	33.465	42.49	-15	0
11.042	1.9996	33.674	41.29	-15	0
11.042	1.9996	33.674	41.29	-15	0
11.12	1.9996	33.88	40.09	-15	0
11.12	1.9996	33.88	40.09	-15	0
11.201	1.9996	34.083	38.89	-15	0
11.201	1.9996	34.083	38.89	-15	0
11.285	1.9996	34.283	37.69	-15	0
11.285	1.9996	34.283	37.69	-15	0
11.371	1.9996	34.479	36.49	-15	0
11.371	1.9996	34.479	36.49	-15	0
11.46	1.9996	34.672	35.29	-15	0
11.46	1.9996	34.672	35.29	-15	0
11.552	1.9996	34.861	34.09	-15	0
11.552	1.9996	34.861	34.09	-15	0
11.645	1.9996	35.047	32.89	-15	0
11.645	1.9996	35.047	32.89	-15	0
11.741	1.9996	35.229	31.69	-15	0
11.741	1.9996	35.229	31.69	-15	0
11.839	1.9996	35.408	30.49	-15	0
11.839	1.9996	35.408	30.49	-15	0
11.939	1.9996	35.583	29.29	-15	0
11.939	1.9996	35.583	29.29	-15	0
12.042	1.9996	35.754	28.09	-15	0
12.042	1.9996	35.754	28.09	-15	0
12.146	1.9996	35.922	26.89	-15	0
12.146	1.9996	35.922	26.89	-15	0
12.252	1.9996	36.085	25.69	-15	0
12.252	1.9996	36.085	25.69	-15	0
12.36	1.9996	36.245	24.49	-15	0
12.36	1.9996	36.245	24.49	-15	0
12.469	1.9996	36.402	23.29	-15	0
12.469	1.9996	36.402	23.29	-15	0
12.581	1.9996	36.554	22.09	-15	0
12.581	1.9996	36.554	22.09	-15	0
12.694	1.9996	36.702	20.89	-15	0
12.694	1.9996	36.702	20.89	-15	0
12.808	1.9996	36.846	19.714	-15	0
12.808	1.9996	36.846	19.714	-15	0
12.923	1.9996	36.989	19.714	-15	0
12.923	1.9996	36.989	19.714	-15	0
13.038	1.9996	37.131	19.714	-15	0
13.038	1.9996	37.131	19.714	-15	0
13.153	1.9996	37.274	19.714	-15	0
13.153	1.9996	37.274	19.714	-15	0
13.269	1.9995	37.416	19.714	-15	0
13.269	1.9995	37.416	19.714	-15	0
13.384	1.9995	37.558	19.714	-15	0
13.384	1.9995	37.558	19.714	-15	0
13.499	1.9995	37.701	19.714	-15	0
13.499	1.9995	37.701	19.714	-15	0
13.614	1.9995	37.843	19.714	-15	0
13.614	1.9995	37.843	19.714	-15	0
13.729	1.9995	37.986	19.714	-15	0
13.729	1.9995	37.986	19.714	-15	0
13.844	1.9995	38.128	19.714	-15	0
13.844	1.9995	38.128	19.714	-15	0
13.959	1.9995	38.27	19.714	-15	0
13.959	1.9995	38.27	19.714	-15	0
14.074	1.9995	38.413	19.714	-15	0
14.074	1.9995	38.413	19.714	-15	0
14.189	1.9995	38.555	19.714	-15	0
14.189	1.9995	38.555	19.714	-15	0
14.304	1.9995	38.698	19.714	-15	0
14.304	1.9995	38.698	19.714	-15	0
14.419	1.9995	38.84	19.714	-15	0
14.419	1.9995	38.84	19.714	-15	0
14.535	1.9995	38.983	19.714	-15	0
14.535	1.9995	38.983	19.714	-15	0
14.65	1.9995	39.125	19.714	-15	0
14.65	1.9995	39.125	19.714	-15	0
14.765	1.9995	39.267	19.714	-15	0
14.765	1.9995	39.267	19.714	-15	0
14.88	1.9995	39.41	19.714	-15	0
14.88	1.9995	39.41	19.714	-15	0
14.995	1.9995	39.552	19.714	-15	0
14.995	1.9995	39.552	19.714	-15	0
15.11	1.9995	39.695	19.714	-15	0
15.11	1.9995	39.695	19.714	-15	0
15.225	1.9995	39.837	19.714	-15	0
15.225	1.9995	39.837	19.714	-15	0
15.34	1.9995	39.979	19.714	-15	0
15.34	1.9995	39.979	19.714	-15	0
15.455	1.9995	40.122	19.714	-15	0
15.455	1.9995	40.122	19.714	-15	0
15.57	1.9995	40.264	19.714	-15	0
15.57	1.9995	40.264	19.714	-15	0
15.686	1.9995	40.407	19.714	-15	0
15.686	1.9995	40.407	19.714	-15	0
15.801	1.9995	40.549	19.714	-15	0
15.801	1.9995	40.549	19.714	-15	0
15.916	1.9995	40.691	19.714	-15	0
15.916	1.9995	40.691	19.714	-15	0
16.031	1.9994	40.834	19.714	-15	0
16.031	1.9994	40.834	19.714	-15	0
16.146	1.9994	40.976	19.714	-15	0
16.146	1.9994	40.976	19.714	-15	0
16.261	1.9994	41.119	19.714	-15	0
16.261	1.9994	41.119	19.714	-15	0
16.376	1.9994	41.261	19.714	-15	0
16.376	1.9994	41.261	19.714	-15	0
16.491	1.9994	41.403	19.714	-15	0
16.491	1.9994	41.403	19.714	-15	0
16.606	1.9994	41.546	19.714	-15	0
16.606	1.9994	41.546	19.714	-15	0
16.722	1.9994	41.688	19.714	-15	0
16.722	1.9994	41.688	19.714	-15	0
16.837	1.9994	41.831	19.714	-15	0
16.837	1.9994	41.831	19.714	-15	0
16.952	1.9994	41.973	19.714	-15	0
16.952	1.9994	41.973	19.714	-15	0
17.067	1.9994	42.116	19.714	-15	0
17.067	1.9994	42.116	19.714	-15	0
17.182	1.9994	42.258	19.714	-15	0
17.182	1.9994	42.258	19.714	-15	0
17.297	1.9994	42.4	19.714	-15	0
17.297	1.9994	42.4	19.714	-15	0
17.412	1.9994	42.543	19.714	-15	0
17.412	1.9994	42.543	19.714	-15	0
17.527	1.9994	42.685	19.714	-15	0
17.527	1.9994	42.685	19.714	-15	0
17.642	1.9994	42.828	19.714	-15	0
17.642	1.9994	42.828	19.714	-15	0
17.757	1.9994	42.97	19.714	-15	0
17.757	1.9994	42.97	19.714	-15	0
17.873	1.9994	43.112	19.714	-15	0
17.873	1.9994	43.112	19.714	-15	0
17.988	1.9994	43.255	19.714	-15	0
17.988	1.9994	43.255	19.714	-15	0
18.103	1.9994	43.397	19.714	-15	0
18.103	1.9994	43.397	19.714	-15	0
18.218	1.9994	43.54	19.714	-15	0
18.218	1.9994	43.54	19.714	-15	0
18.333	1.9994	43.682	19.714	-15	0
18.333	1.9994	43.682	19.714	-15	0
18.448	1.9993	43.825	19.714	-15	0
18.448	1.9993	43.825	19.714	-15	0
18.563	1.9993	43.967	19.714	-15	0
18.563	1.9993	43.967	19.714	-15	0
18.678	1.9993	44.109	19.714	-15	0
18.678	1.9993	44.109	19.714	-15	0
18.793	1.9993	44.252	19.714	-15	0
18.793	1.9993	44.252	19.714	-15	0
18.909	1.9993	44.394	19.714	-15	0
18.909	1.9993	44.394	19.714	-15	0
19.024	1.9993	44.537	19.714	-15	0
19.024	1.9993	44.537	19.714	-15	0
19.139	1.9993	44.679	19.714	-15	0
19.139	1.9993	44.679	19.714	-15	0
19.254	1.9993	44.821	19.714	-15	0
19.254	1.9993	44.821	19.714	-15	0
19.369	1.9993	44.964	19.714	-15	0
19.369	1.9993	44.964	19.714	-15	0
19.484	1.9993	45.106	19.714	-15	0
19.484	1.9993	45.106	19.714	-15	0
19.599	1.9993	45.249	19.714	-15	0
19.599	1.9993	45.249	19.714	-15	0
19.714	1.9993	45.391	19.744	-15	0
19.714	1.9993	45.391	19.744	-15	0
19.828	1.9993	45.536	21.244	-15	0
19.828	1.9993	45.536	21.244	-15	0
19.941	1.9993	45.686	22.744	-15	0
19.941	1.9993	45.686	22.744	-15	0
20.051	1.9993	45.841	24.244	-15	0
20.051	1.9993	45.841	24.244	-15	0
20.159	1.9993	46	25.744	-15	0
20.159	1.9993	46	25.744	-15	0
20.265	1.9993	46.165	27.244	-15	0
20.265	1.9993	46.165	27.244	-15	0
20.368	1.9993	46.334	28.744	-15	0
20.368	1.9993	46.334	28.744	-15	0
20.469	1.9993	46.508	30.244	-15	0
20.469	1.9993	46.508	30.244	-15	0
20.568	1.9993	46.686	31.744	-15	0
20.568	1.9993	46.686	31.744	-15	0
20.663	1.9992	46.869	33.244	-15	0
20.663	1.9992	46.869	33.244	-15	0
20.756	1.9992	47.056	34.744	-15	0
20.756	1.9992	47.056	34.744	-15	0
20.845	1.9992	47.248	36.244	-15	0
20.845	1.9992	47.248	36.244	-15	0
20.932	1.9992	47.444	37.744	-15	0
20.932	1.9992	47.444	37.744	-15	0
21.015	1.9992	47.644	39.244	-15	0
21.015	1.9992	47.644	39.244	-15	0
21.095	1.9992	47.848	40.744	-15	0
21.095	1.9992	47.848	40.744	-15	0
21.172	1.9992	48.056	42.244	-15	0
21.172	1.9992	48.056	42.244	-15	0
21.245	1.9992	48.268	43.744	-15	0
21.245	1.9992	48.268	43.744	-15	0
21.315	1.9992	48.484	45.244	-15	0
21.315	1.9992	48.484	45.244	-15	0
21.38	1.9992	48.704	46.744	-15	0
21.38	1.9992	48.704	46.744	-15	0
21.442	1.9992	48.928	48.244	-15	0
21.442	1.9992	48.928	48.244	-15	0
21.501	1.9992	49.154	49.744	-15	0
21.501	1.9992	49.154	49.744	-15	0
21.555	1.9992	49.385	51.244	-15	0
21.555	1.9992	49.385	51.244	-15	0
21.605	1.9992	49.618	52.744	-15	0
21.605	1.9992	49.618	52.744	-15	0
21.65	1.9991	49.855	54.244	-15	0
21.65	1.9991	49.855	54.244	-15	0
21.692	1.9991	50.095	55.744	-15	0
21.692	1.9991	50.095	55.744	-15	0
21.729	1.9991	50.338	57.244	-15	0
21.729	1.9991	50.338	57.244	-15	0
21.762	1.9991	50.584	58.744	-15	0
21.762	1.9991	50.584	58.744	-15	0
21.79	1.9991	50.832	60.244	-15	0
21.79	1.9991	50.832	60.244	-15	0
21.814	1.9991	51.083	61.744	-15	0
21.814	1.9991	51.083	61.744	-15	0
21.833	1.9991	51.337	63.244	-15	0
21.833	1.9991	51.337	63.244	-15	0
21.848	1.9991	51.593	64.714	-15	0
21.848	1.9991	51.593	64.714	-15	0
21.86	1.9991	51.85	64.714	-15	0
21.86	1.9991	51.85	64.714	-15	0
21.872	1.9991	52.107	64.714	-15	0
21.872	1.9991	52.107	64.714	-15	0
21.885	1.9991	52.365	64.714	-15	0
21.885	1.9991	52.365	64.714	-15	0
21.897	1.9991	52.622	64.714	-15	0
21.897	1.9991	52.622	64.714	-15	0
21.909	1.9991	52.879	64.714	-15	0
21.909	1.9991	52.879	64.714	-15	0
21.921	1.999	53.136	64.714	-15	0
21.921	1.999	53.136	64.714	-15	0
21.934	1.999	53.393	64.714	-15	0
21.934	1.999	53.393	64.714	-15	0
21.946	1.999	53.65	64.714	-15	0
21.946	1.999	53.65	64.714	-15	0
21.958	1.999	53.907	64.714	-15	0
21.958	1.999	53.907	64.714	-15	0
21.97	1.999	54.165	64.714	-15	0
21.97	1.999	54.165	64.714	-15	0
21.983	1.999	54.422	64.714	-15	0
21.983	1.999	54.422	64.714	-15	0
21.995	1.999	54.679	64.714	-15	0
21.995	1.999	54.679	64.714	-15	0
22.007	1.999	54.936	64.714	-15	0
22.007	1.999	54.936	64.714	-15	0
22.019	1.999	55.193	64.714	-15	0
22.019	1.999	55.193	64.714	-15	0
22.032	1.999	55.45	64.714	-15	0
22.032	1.999	55.45	64.714	-15	0
22.044	1.999	55.708	64.714	-15	0
22.044	1.999	55.708	64.714	-15	0
22.056	1.999	55.965	64.714	-15	0
22.056	1.999	55.965	64.714	-15	0
22.068	1.999	56.222	64.714	-15	0
22.068	1.999	56.222	64.714	-15	0
22.081	1.9989	56.479	64.714	-15	0
22.081	1.9989	56.479	64.714	-15	0
22.093	1.9989	56.736	64.714	-15	0
22.093	1.9989	56.736	64.714	-15	0
22.105	1.9989	56.993	64.714	-15	0
22.105	1.9989	56.993	64.714	-15	0
22.117	1.9989	57.251	64.714	-15	0
22.117	1.9989	57.251	64.714	-15	0
22.13	1.9989	57.508	64.714	-15	0
22.13	1.9989	57.508	64.714	-15	0
22.142	1.9989	57.765	64.714	-15	0
22.142	1.9989	57.765	64.714	-15	0
22.154	1.9989	58.022	64.714	-15	0
22.154	1.9989	58.022	64.714	-15	0
22.166	1.9989	58.279	64.714	-15	0
22.166	1.9989	58.279	64.714	-15	0
22.179	1.9989	58.536	64.714	-15	0
22.179	1.9989	58.536	64.714	-15	0
22.191	1.9989	58.794	64.714	-15	0
22.191	1.9989	58.794	64.714	-15	0
22.203	1.9989	59.051	64.714	-15	0
22.203	1.9989	59.051	64.714	-15	0
22.215	1.9988	59.308	64.714	-15	0
22.215	1.9988	59.308	64.714	-15	0
22.228	1.9988	59.565	64.714	-15	0
22.228	1.9988	59.565	64.714	-15	0
22.24	1.9988	59.822	64.714	-15	0
22.24	1.9988	59.822	64.714	-15	0
22.252	1.9988	60.079	64.714	-15	0
22.252	1.9988	60.079	64.714	-15	0
22.264	1.9988	60.337	64.714	-15	0
22.264	1.9988	60.337	64.714	-15	0
22.277	1.9988	60.594	64.714	-15	0
22.277	1.9988	60.594	64.714	-15	0
22.289	1.9988	60.851	64.714	-15	0
22.289	1.9988	60.851	64.714	-15	0
22.301	1.9988	61.108	64.714	-15	0
22.301	1.9988	61.108	64.714	-15	0
22.313	1.9988	61.365	64.714	-15	0
22.313	1.9988	61.365	64.714	-15	0
22.326	1.9988	61.622	64.714	-15	0
22.326	1.9988	61.622	64.714	-15	0
22.338	1.9988	61.88	64.714	-15	0
22.338	1.9988	61.88	64.714	-15	0
22.35	1.9987	62.137	64.714	-15	0
22.35	1.9987	62.137	64.714	-15	0
22.362	1.9987	62.394	64.714	-15	0
22.362	1.9987	62.394	64.714	-15	0
22.375	1.9987	62.651	64.714	-15	0
22.375	1.9987	62.651	64.714	-15	0
22.387	1.9987	62.908	64.714	-15	0
22.387	1.9987	62.908	64.714	-15	0
22.399	1.9987	63.165	64.714	-15	0
22.399	1.9987	63.165	64.714	-15	0
22.411	1.9987	63.423	64.714	-15	0
22.411	1.9987	63.423	64.714	-15	0
22.424	1.9987	63.68	64.714	-15	0
22.424	1.9987	63.68	64.714	-15	0
22.436	1.9987	63.937	64.714	-15	0
22.436	1.9987	63.937	64.714	-15	0
22.448	1.9987	64.194	64.714	-15	0
22.448	1.9987	64.194	64.714	-15	0
22.46	1.9987	64.451	64.714	-15	0
22.46	1.9987	64.451	64.714	-15	0
22.473	1.9986	64.708	64.714	-15	0
22.473	1.9986	64.708	64.714	-15	0
22.485	1.9986	64.966	64.714	-15	0
22.485	1.9986	64.966	64.714	-15	0
22.497	1.9986	65.223	64.714	-15	0
22.497	1.9986	65.223	64.714	-15	0
22.509	1.9986	65.48	64.714	-15	0
22.509	1.9986	65.48	64.714	-15	0
22.522	1.9986	65.737	64.714	-15	0
22.522	1.9986	65.737	64.714	-15	0
22.534	1.9986	65.994	64.714	-15	0
22.534	1.9986	65.994	64.714	-15	0
22.546	1.9986	66.251	64.714	-15	0
22.546	1.9986	66.251	64.714	-15	0
22.558	1.9986	66.509	64.714	-15	0
22.558	1.9986	66.509	64.714	-15	0
22.571	1.9986	66.766	64.714	-15	0
22.571	1.9986	66.766	64.714	-15	0
22.583	1.9986	67.023	64.694	-15	0
22.583	1.9986	67.023	64.694	-15	0
22.597	1.9986	67.279	63.694	-15	0
22.597	1.9986	67.279	63.694	-15	0
22.614	1.9985	67.534	62.694	-15	0
22.614	1.9985	67.534	62.694	-15	0
22.634	1.9985	67.787	61.694	-15	0
22.634	1.9985	67.787	61.694	-15	0
22.657	1.9985	68.039	60.694	-15	0
22.657	1.9985	68.039	60.694	-15	0
22.683	1.9985	68.289	59.694	-15	0
22.683	1.9985	68.289	59.694	-15	0
22.713	1.9985	68.537	58.694	-15	0
22.713	1.9985	68.537	58.694	-15	0
22.745	1.9985	68.783	57.694	-15	0
22.745	1.9985	68.783	57.694	-15	0
22.78	1.9985	69.027	56.694	-15	0
22.78	1.9985	69.027	56.694	-15	0
22.818	1.9985	69.27	55.694	-15	0
22.818	1.9985	69.27	55.694	-15	0
22.859	1.9985	69.51	54.694	-15	0
22.859	1.9985	69.51	54.694	-15	0
22.903	1.9984	69.748	53.694	-15	0
22.903	1.9984	69.748	53.694	-15	0
22.95	1.9984	69.984	52.694	-15	0
22.95	1.9984	69.984	52.694	-15	0
22.999	1.9984	70.219	51.694	-15	0
22.999	1.9984	70.219	51.694	-15	0
23.051	1.9984	70.45	50.694	-15	0
23.051	1.9984	70.45	50.694	-15	0
23.106	1.9984	70.68	49.694	-15	0
23.106	1.9984	70.68	49.694	-15	0
23.164	1.9984	70.907	48.694	-15	0
23.164	1.9984	70.907	48.694	-15	0
23.224	1.9984	71.133	47.694	-15	0
23.224	1.9984	71.133	47.694	-15	0
23.286	1.9984	71.355	46.694	-15	0
23.286	1.9984	71.355	46.694	-15	0
23.352	1.9984	71.575	45.694	-15	0
23.352	1.9984	71.575	45.694	-15	0
23.419	1.9984	71.793	44.694	-15	0
23.419	1.9984	71.793	44.694	-15	0
23.49	1.9983	72.008	43.694	-15	0
23.49	1.9983	72.008	43.694	-15	0
23.562	1.9983	72.221	42.694	-15	0
23.562	1.9983	72.221	42.694	-15	0
23.637	1.9983	72.431	41.694	-15	0
23.637	1.9983	72.431	41.694	-15	0
23.715	1.9983	72.639	40.694	-15	0
23.715	1.9983	72.639	40.694	-15	0
23.794	1.9983	72.844	39.694	-15	0
23.794	1.9983	72.844	39.694	-15	0
23.876	1.9983	73.046	38.694	-15	0
23.876	1.9983	73.046	38.694	-15	0
23.96	1.9983	73.245	37.694	-15	0
23.96	1.9983	73.245	37.694	-15	0
24.046	1.9983	73.441	36.694	-15	0
24.046	1.9983	73.441	36.694	-15	0
24.134	1.9983	73.635	35.694	-15	0
24.134	1.9983	73.635	35.694	-15	0
24.225	1.9983	73.826	34.714	-15	0
24.225	1.9983	73.826	34.714	-15	0
24.316	1.9983	74.015	34.714	-15	0
24.316	1.9983	74.015	34.714	-15	0
24.407	1.9982	74.205	34.714	-15	0
24.407	1.9982	74.205	34.714	-15	0
24.498	1.9982	74.394	34.714	-15	0
24.498	1.9982	74.394	34.714	-15	0
24.589	1.9982	74.583	34.714	-15	0
24.589	1.9982	74.583	34.714	-15	0
24.681	1.9982	74.773	34.714	-15	0
24.681	1.9982	74.773	34.714	-15	0
24.772	1.9982	74.962	34.714	-15	0
24.772	1.9982	74.962	34.714	-15	0
24.863	1.9982	75.152	34.714	-15	0
24.863	1.9982	75.152	34.714	-15	0
24.954	1.9982	75.341	34.714	-15	0
24.954	1.9982	75.341	34.714	-15	0
25.046	1.9982	75.53	34.714	-15	0
25.046	1.9982	75.53	34.714	-15	0
25.137	1.9982	75.72	34.714	-15	0
25.137	1.9982	75.72	34.714	-15	0
25.228	1.9982	75.909	34.714	-15	0
25.228	1.9982	75.909	34.714	-15	0
25.319	1.9981	76.098	34.714	-15	0
25.319	1.9981	76.098	34.714	-15	0
25.41	1.9981	76.288	34.714	-15	0
25.41	1.9981	76.288	34.714	-15	0
25.502	1.9981	76.477	34.714	-15	0
25.502	1.9981	76.477	34.714	-15	0
25.593	1.9981	76.667	34.714	-15	0
25.593	1.9981	76.667	34.714	-15	0
25.684	1.9981	76.856	34.714	-15	0
25.684	1.9981	76.856	34.714	-15	0
25.775	1.9981	77.045	34.714	-15	0
25.775	1.9981	77.045	34.714	-15	0
25.866	1.9981	77.235	34.714	-15	0
25.866	1.9981	77.235	34.714	-15	0
25.958	1.9981	77.424	34.714	-15	0