0	0	0	0	-15	0
0	0	0	0	-15	0
0	0	0	0	-15	0
0.0024751	-8.7189e-11	2.707e-07	0	-15	0
0.0024751	-8.7189e-11	2.707e-07	0	-15	0
0.0099504	7.577e-11	1.0794e-06	0	-15	0
0.0099504	7.577e-11	1.0794e-06	0	-15	0
0.022426	-1.3436e-10	2.4121e-06	0	-15	0
0.022426	-1.3436e-10	2.4121e-06	0	-15	0
0.039902	-6.3994e-10	4.2551e-06	0	-15	0
0.039902	-6.3994e-10	4.2551e-06	0	-15	0
0.062378	-9.7091e-10	6.5948e-06	0	-15	0
0.062378	-9.7091e-10	6.5948e-06	0	-15	0
0.089854	-2.3613e-09	9.4173e-06	0	-15	0
0.089854	-2.3613e-09	9.4173e-06	0	-15	0
0.12233	-4.0823e-09	1.2709e-05	0	-15	0
0.12233	-4.0823e-09	1.2709e-05	0	-15	0
0.15981	-7.2274e-09	1.6456e-05	0	-15	0
0.15981	-7.2274e-09	1.6456e-05	0	-15	0
0.20228	-1.1499e-08	2.0645e-05	0	-15	0
0.20228	-1.1499e-08	2.0645e-05	0	-15	0
0.24976	-1.7989e-08	2.5261e-05	0	-15	0
0.24976	-1.7989e-08	2.5261e-05	0	-15	0
0.30224	-2.62e-08	3.0292e-05	0	-15	0
0.30224	-2.62e-08	3.0292e-05	0	-15	0
0.35972	-3.713e-08	3.5723e-05	0	-15	0
0.35972	-3.713e-08	3.5723e-05	0	-15	0
0.42219	-5.1305e-08	4.1542e-05	0	-15	0
0.42219	-5.1305e-08	4.1542e-05	0	-15	0
0.48967	-6.9006e-08	4.7733e-05	0	-15	0
0.48967	-6.9006e-08	4.7733e-05	0	-15	0
0.56215	-9.0835e-08	5.4283e-05	0	-15	0
0.56215	-9.0835e-08	5.4283e-05	0	-15	0
0.63963	-1.1746e-07	6.1179e-05	0	-15	0
0.63963	-1.1746e-07	6.1179e-05	0	-15	0
0.72211	-1.4976e-07	6.8408e-05	0	-15	0
0.72211	-1.4976e-07	6.8408e-05	0	-15	0
0.80958	-1.8864e-07	7.5954e-05	0	-15	0
0.80958	-1.8864e-07	7.5954e-05	0	-15	0
0.90206	-2.3415e-07	8.3805e-05	0	-15	0
0.90206	-2.3415e-07	8.3805e-05	0	-15	0
0.99954	-2.8739e-07	9.1947e-05	0	-15	0
0.99954	-2.8739e-07	9.1947e-05	0	-15	0
1.102	-3.4946e-07	0.00010037	0	-15	0
1.102	-3.4946e-07	0.00010037	0	-15	0
1.2095	-4.2093e-07	0.00010905	0	-15	0
1.2095	-4.2093e-07	0.00010905	0	-15	0
1.322	-5.0299e-07	0.00011798	0	-15	0
1.322	-5.0299e-07	0.00011798	0	-15	0
1.4395	-5.9626e-07	0.00012715	0	-15	0
1.4395	-5.9626e-07	0.00012715	0	-15	0
1.5619	-7.0226e-07	0.00013654	0	-15	0
1.5619	-7.0226e-07	0.00013654	0	-15	0
1.6894	-8.2133e-07	0.00014614	0	-15	0
1.6894	-8.2133e-07	0.00014614	0	-15	0
1.8219	-9.5528e-07	0.00015594	0	-15	0
1.8219	-9.5528e-07	0.00015594	0	-15	0
1.9594	-1.1047e-06	0.00016591	0	-15	0
1.9594	-1.1047e-06	0.00016591	0	-15	0
2.1019	-1.2713e-06	0.00017606	0	-15	0
2.1019	-1.2713e-06	0.00017606	0	-15	0
2.2493	-1.456e-06	0.00018636	0	-15	0
2.2493	-1.456e-06	0.00018636	0	-15	0
2.4018	-1.6602e-06	0.0001968	0	-15	0
2.4018	-1.6602e-06	0.0001968	0	-15	0
2.5593	-1.8849e-06	0.00020736	0	-15	0
2.5593	-1.8849e-06	0.00020736	0	-15	0
2.7218	-2.1318e-06	0.00021804	0	-15	0
2.7218	-2.1318e-06	0.00021804	0	-15	0
2.8893	-2.4024e-06	0.00022882	0	-15	0
2.8893	-2.4024e-06	0.00022882	0	-15	0
3.0618	-2.6977e-06	0.00023969	0	-15	0
3.0618	-2.6977e-06	0.00023969	0	-15	0
3.2392	-3.0195e-06	0.00025062	0	-15	0
3.2392	-3.0195e-06	0.00025062	0	-15	0
3.4217	-3.3691e-06	0.00026162	0	-15	0
3.4217	-3.3691e-06	0.00026162	0	-15	0
3.6092	-3.7484e-06	0.00027266	0	-15	0
3.6092	-3.7484e-06	0.00027266	0	-15	0
3.8017	-4.1589e-06	0.00028373	0	-15	0
3.8017	-4.1589e-06	0.00028373	0	-15	0
3.9992	-4.6024e-06	0.00029483	0	-15	0
3.9992	-4.6024e-06	0.00029483	0	-15	0
4.1992	-5.0744e-06	0.00030592	0	-15	0
4.1992	-5.0744e-06	0.00030592	0	-15	0
4.3992	-5.5691e-06	0.00031702	0	-15	0
4.3992	-5.5691e-06	0.00031702	0	-15	0
4.5992	-6.087e-06	0.00032813	0	-15	0
4.5992	-6.087e-06	0.00032813	0	-15	0
4.7992	-6.6282e-06	0.00033923	0	-15	0
4.7992	-6.6282e-06	0.00033923	0	-15	0
4.9992	-7.1919e-06	0.00035034	0	-15	0
4.9992	-7.1919e-06	0.00035034	0	-15	0
5.1992	-7.7788e-06	0.00036146	0	-15	0
5.1992	-7.7788e-06	0.00036146	0	-15	0
5.3992	-8.389e-06	0.00037258	0	-15	0
5.3992	-8.389e-06	0.00037258	0	-15	0
5.5992	-9.022e-06	0.0003837	0	-15	0
5.5992	-9.022e-06	0.0003837	0	-15	0
5.7992	-9.6781e-06	0.00039482	0	-15	0
5.7992	-9.6781e-06	0.00039482	0	-15	0
5.9993	-1.0357e-05	0.00040595	0	-15	0
5.9993	-1.0357e-05	0.00040595	0	-15	0
6.1993	-1.1059e-05	0.00041709	0	-15	0
6.1993	-1.1059e-05	0.00041709	0	-15	0
6.3993	-1.1785e-05	0.00042822	0	-15	0
6.3993	-1.1785e-05	0.00042822	0	-15	0
6.5993	-1.2533e-05	0.00043936	0	-15	0
6.5993	-1.2533e-05	0.00043936	0	-15	0
6.7993	-1.3304e-05	0.0004505	0	-15	0
6.7993	-1.3304e-05	0.0004505	0	-15	0
6.9993	-1.4098e-05	0.00046165	0	-15	0
6.9993	-1.4098e-05	0.00046165	0	-15	0
7.1993	-1.4915e-05	0.0004728	0	-15	0
7.1993	-1.4915e-05	0.0004728	0	-15	0
7.3993	-1.5755e-05	0.00048395	0	-15	0
7.3993	-1.5755e-05	0.00048395	0	-15	0
7.5993	-1.6619e-05	0.00049511	0	-15	0
7.5993	-1.6619e-05	0.00049511	0	-15	0
7.7993	-1.7505e-05	0.00050627	0	-15	0
7.7993	-1.7505e-05	0.00050627	0	-15	0
7.9993	-1.8414e-05	0.0005185	0.06	-15	0
7.9993	-1.8414e-05	0.0005185	0.06	-15	0
8.1992	-1.9346e-05	0.005987	3.06	-15	0
8.1992	-1.9346e-05	0.005987	3.06	-15	0
8.3986	-2.0298e-05	0.022037	6.06	-15	0
8.3986	-2.0298e-05	0.022037	6.06	-15	0
8.5968	-2.1269e-05	0.048625	9.06	-15	0
8.5968	-2.1269e-05	0.048625	9.06	-15	0
8.7934	-2.2254e-05	0.085678	12.06	-15	0
8.7934	-2.2254e-05	0.085678	12.06	-15	0
8.9879	-2.3251e-05	0.13309	15.06	-15	0
8.9879	-2.3251e-05	0.13309	15.06	-15	0
9.1795	-2.4259e-05	0.19074	18.06	-15	0
9.1795	-2.4259e-05	0.19074	18.06	-15	0
9.368	-2.5274e-05	0.25846	21.06	-15	0
9.368	-2.5274e-05	0.25846	21.06	-15	0
9.5527	-2.6293e-05	0.33608	24.06	-15	0
9.5527	-2.6293e-05	0.33608	24.06	-15	0
9.7331	-2.7313e-05	0.42337	27.06	-15	0
9.7331	-2.7313e-05	0.42337	27.06	-15	0
9.9087	-2.8332e-05	0.52009	30.06	-15	0
9.9087	-2.8332e-05	0.52009	30.06	-15	0
10.079	-2.9347e-05	0.62599	33.06	-15	0
10.079	-2.9347e-05	0.62599	33.06	-15	0
10.244	-3.0355e-05	0.74077	36.06	-15	0
10.244	-3.0355e-05	0.74077	36.06	-15	0
10.402	-3.1354e-05	0.86411	39.06	-15	0
10.402	-3.1354e-05	0.86411	39.06	-15	0
10.554	-3.2341e-05	0.99568	42.06	-15	0
10.554	-3.2341e-05	0.99568	42.06	-15	0
10.699	-3.3313e-05	1.1351	45.06	-15	0
10.699	-3.3313e-05	1.1351	45.06	-15	0
10.837	-3.4267e-05	1.282	48.06	-15	0
10.837	-3.4267e-05	1.282	48.06	-15	0
10.966	-3.5202e-05	1.4361	51.06	-15	0
10.966	-3.5202e-05	1.4361	51.06	-15	0
11.088	-3.6113e-05	1.5967	54.06	-15	0
11.088	-3.6113e-05	1.5967	54.06	-15	0
11.201	-3.7e-05	1.7636	57.06	-15	0
11.201	-3.7e-05	1.7636	57.06	-15	0
11.305	-3.786e-05	1.9363	60.06	-15	0
11.305	-3.786e-05	1.9363	60.06	-15	0
11.401	-3.8689e-05	2.1142	63.06	-15	0
11.401	-3.8689e-05	2.1142	63.06	-15	0
11.487	-3.9487e-05	2.2969	66.06	-15	0
11.487	-3.9487e-05	2.2969	66.06	-15	0
11.563	-4.0251e-05	2.484	69.06	-15	0
11.563	-4.0251e-05	2.484	69.06	-15	0
11.629	-4.0978e-05	2.6748	72.06	-15	0
11.629	-4.0978e-05	2.6748	72.06	-15	0
11.686	-4.1668e-05	2.8689	75.06	-15	0
11.686	-4.1668e-05	2.8689	75.06	-15	0
11.733	-4.2317e-05	3.0657	78.06	-15	0
11.733	-4.2317e-05	3.0657	78.06	-15	0
11.769	-4.2925e-05	3.2647	81.06	-15	0
11.769	-4.2925e-05	3.2647	81.06	-15	0
11.795	-4.3489e-05	3.4654	84.06	-15	0
11.795	-4.3489e-05	3.4654	84.06	-15	0
11.81	-4.4008e-05	3.6672	87.06	-15	0
11.81	-4.4008e-05	3.6672	87.06	-15	0
11.815	-4.4481e-05	3.8695	90	-15	0
11.815	-4.4481e-05	3.8695	90	-15	0
11.815	-4.4943e-05	4.0718	90	-15	0
11.815	-4.4943e-05	4.0718	90	-15	0
11.815	-4.5429e-05	4.2742	90	-15	0
11.815	-4.5429e-05	4.2742	90	-15	0
11.815	-4.5938e-05	4.4766	90	-15	0
11.815	-4.5938e-05	4.4766	90	-15	0
11.815	-4.6471e-05	4.679	90	-15	0
11.815	-4.6471e-05	4.679	90	-15	0
11.815	-4.7028e-05	4.8814	90	-15	0
11.815	-4.7028e-05	4.8814	90	-15	0
11.815	-4.7608e-05	5.0838	90	-15	0
11.815	-4.7608e-05	5.0838	90	-15	0
11.815	-4.8211e-05	5.2862	90	-15	0
11.815	-4.8211e-05	5.2862	90	-15	0
11.815	-4.8838e-05	5.4886	90	-15	0
11.815	-4.8838e-05	5.4886	90	-15	0
11.815	-4.9489e-05	5.691	90	-15	0
11.815	-4.9489e-05	5.691	90	-15	0
11.815	-5.0164e-05	5.8934	90	-15	0
11.815	-5.0164e-05	5.8934	90	-15	0
11.815	-5.0862e-05	6.0957	90	-15	0
11.815	-5.0862e-05	6.0957	90	-15	0
11.815	-5.1583e-05	6.2981	90	-15	0
11.815	-5.1583e-05	6.2981	90	-15	0
11.815	-5.2328e-05	6.5005	90	-15	0
11.815	-5.2328e-05	6.5005	90	-15	0
11.814	-5.3097e-05	6.7029	90	-15	0
11.814	-5.3097e-05	6.7029	90	-15	0
11.814	-5.3889e-05	6.9053	90	-15	0
11.814	-5.3889e-05	6.9053	90	-15	0
11.814	-5.4705e-05	7.1077	90	-15	0
11.814	-5.4705e-05	7.1077	90	-15	0
11.814	-5.5544e-05	7.3101	90	-15	0
11.814	-5.5544e-05	7.3101	90	-15	0
11.814	-5.6407e-05	7.5125	90	-15	0
11.814	-5.6407e-05	7.5125	90	-15	0
11.814	-5.7293e-05	7.7149	90	-15	0
11.814	-5.7293e-05	7.7149	90	-15	0
11.814	-5.8204e-05	7.9172	90	-15	0
11.814	-5.8204e-05	7.9172	90	-15	0
11.814	-5.9137e-05	8.1196	90	-15	0
11.814	-5.9137e-05	8.1196	90	-15	0
11.814	-6.0095e-05	8.322	90	-15	0
11.814	-6.0095e-05	8.322	90	-15	0
11.814	-6.1075e-05	8.5244	90	-15	0
11.814	-6.1075e-05	8.5244	90	-15	0
11.814	-6.208e-05	8.7268	90	-15	0
11.814	-6.208e-05	8.7268	90	-15	0
11.814	-6.3108e-05	8.9292	90	-15	0
11.814	-6.3108e-05	8.9292	90	-15	0
11.814	-6.4159e-05	9.1316	90	-15	0
11.814	-6.4159e-05	9.1316	90	-15	0
11.814	-6.5234e-05	9.334	90	-15	0
11.814	-6.5234e-05	9.334	90	-15	0
11.814	-6.6333e-05	9.5364	90	-15	0
11.814	-6.6333e-05	9.5364	90	-15	0
11.814	-6.7455e-05	9.7388	90	-15	0
11.814	-6.7455e-05	9.7388	90	-15	0
11.814	-6.8601e-05	9.9411	90	-15	0
11.814	-6.8601e-05	9.9411	90	-15	0
11.814	-6.977e-05	10.144	90	-15	0
11.814	-6.977e-05	10.144	90	-15	0
11.814	-7.0963e-05	10.346	90	-15	0
11.814	-7.0963e-05	10.346	90	-15	0
11.813	-7.218e-05	10.548	90	-15	0
11.813	-7.218e-05	10.548	90	-15	0
11.813	-7.342e-05	10.751	90	-15	0
11.813	-7.342e-05	10.751	90	-15	0
11.813	-7.4684e-05	10.953	90	-15	0
11.813	-7.4684e-05	10.953	90	-15	0
11.813	-7.5971e-05	11.155	90	-15	0
11.813	-7.5971e-05	11.155	90	-15	0
11.813	-7.7282e-05	11.358	90	-15	0
11.813	-7.7282e-05	11.358	90	-15	0
11.813	-7.8616e-05	11.56	90	-15	0
11.813	-7.8616e-05	11.56	90	-15	0
11.813	-7.9974e-05	11.763	90	-15	0
11.813	-7.9974e-05	11.763	90	-15	0
11.813	-8.1356e-05	11.965	90	-15	0
11.813	-8.1356e-05	11.965	90	-15	0
11.813	-8.2761e-05	12.167	90	-15	0
11.813	-8.2761e-05	12.167	90	-15	0
11.813	-8.419e-05	12.37	90	-15	0
11.813	-8.419e-05	12.37	90	-15	0
11.813	-8.5642e-05	12.572	90	-15	0
11.813	-8.5642e-05	12.572	90	-15	0
11.813	-8.7118e-05	12.775	90	-15	0
11.813	-8.7118e-05	12.775	90	-15	0
11.813	-8.8618e-05	12.977	90	-15	0
11.813	-8.8618e-05	12.977	90	-15	0
11.813	-9.014e-05	13.179	90	-15	0
11.813	-9.014e-05	13.179	90	-15	0
11.813	-9.1687e-05	13.382	90	-15	0
11.813	-9.1687e-05	13.382	90	-15	0
11.813	-9.3257e-05	13.584	90	-15	0
11.813	-9.3257e-05	13.584	90	-15	0
11.813	-9.4851e-05	13.787	90	-15	0
11.813	-9.4851e-05	13.787	90	-15	0
11.813	-9.6468e-05	13.989	90	-15	0
11.813	-9.6468e-05	13.989	90	-15	0
11.813	-9.8109e-05	14.191	90	-15	0
11.813	-9.8109e-05	14.191	90	-15	0
11.812	-9.9774e-05	14.394	90	-15	0
11.812	-9.9774e-05	14.394	90	-15	0
11.812	-0.00010146	14.596	90	-15	0
11.812	-0.00010146	14.596	90	-15	0
11.812	-0.00010317	14.798	90	-15	0
11.812	-0.00010317	14.798	90	-15	0
11.812	-0.00010491	15.001	90	-15	0
11.812	-0.00010491	15.001	90	-15	0
11.812	-0.00010667	15.203	90	-15	0
11.812	-0.00010667	15.203	90	-15	0
11.812	-0.00010845	15.406	90	-15	0
11.812	-0.00010845	15.406	90	-15	0
11.812	-0.00011026	15.608	90	-15	0
11.812	-0.00011026	15.608	90	-15	0
11.812	-0.00011208	15.81	90	-15	0
11.812	-0.00011208	15.81	90	-15	0
11.812	-0.00011394	16.013	90.06	-15	0
11.812	-0.00011394	16.013	90.06	-15	0
11.807	-0.00011578	16.215	93.06	-15	0
11.807	-0.00011578	16.215	93.06	-15	0
11.791	-0.00011756	16.417	96.06	-15	0
11.791	-0.00011756	16.417	96.06	-15	0
11.764	-0.00011929	16.617	99.06	-15	0
11.764	-0.00011929	16.617	99.06	-15	0
11.728	-0.00012096	16.816	102.06	-15	0
11.728	-0.00012096	16.816	102.06	-15	0
11.681	-0.00012256	17.013	105.06	-15	0
11.681	-0.00012256	17.013	105.06	-15	0
11.624	-0.00012409	17.207	108.06	-15	0
11.624	-0.00012409	17.207	108.06	-15	0
11.557	-0.00012554	17.398	111.06	-15	0
11.557	-0.00012554	17.398	111.06	-15	0
11.48	-0.00012691	17.585	114.06	-15	0
11.48	-0.00012691	17.585	114.06	-15	0
11.394	-0.0001282	17.767	117.06	-15	0
11.394	-0.0001282	17.767	117.06	-15	0
11.298	-0.0001294	17.945	120.06	-15	0
11.298	-0.0001294	17.945	120.06	-15	0
11.194	-0.00013051	18.117	123.06	-15	0
11.194	-0.00013051	18.117	123.06	-15	0
11.08	-0.00013153	18.284	126.06	-15	0
11.08	-0.00013153	18.284	126.06	-15	0
10.958	-0.00013245	18.444	129.06	-15	0
10.958	-0.00013245	18.444	129.06	-15	0
10.828	-0.00013328	18.598	132.06	-15	0
10.828	-0.00013328	18.598	132.06	-15	0
10.69	-0.000134	18.745	135.06	-15	0
10.69	-0.000134	18.745	135.06	-15	0
10.545	-0.00013462	18.884	138.06	-15	0
10.545	-0.00013462	18.884	138.06	-15	0
10.393	-0.00013513	19.015	141.06	-15	0
10.393	-0.00013513	19.015	141.06	-15	0
10.234	-0.00013554	19.138	144.06	-15	0
10.234	-0.00013554	19.138	144.06	-15	0
10.069	-0.00013584	19.253	147.06	-15	0
10.069	-0.00013584	19.253	147.06	-15	0
9.8987	-0.00013603	19.358	150.06	-15	0
9.8987	-0.00013603	19.358	150.06	-15	0
9.7228	-0.00013612	19.454	153.06	-15	0
9.7228	-0.00013612	19.454	153.06	-15	0
9.5422	-0.00013609	19.541	156.06	-15	0
9.5422	-0.00013609	19.541	156.06	-15	0
9.3574	-0.00013596	19.619	159.06	-15	0
9.3574	-0.00013596	19.619	159.06	-15	0
9.1688	-0.00013571	19.686	162.06	-15	0
9.1688	-0.00013571	19.686	162.06	-15	0
8.977	-0.00013536	19.743	165.06	-15	0
8.977	-0.00013536	19.743	165.06	-15	0
8.7825	-0.0001349	19.79	168.06	-15	0
8.7825	-0.0001349	19.79	168.06	-15	0
8.5858	-0.00013434	19.827	171.06	-15	0
8.5858	-0.00013434	19.827	171.06	-15	0
8.3875	-0.00013367	19.853	174.06	-15	0
8.3875	-0.00013367	19.853	174.06	-15	0
8.1881	-0.00013289	19.869	177.06	-15	0
8.1881	-0.00013289	19.869	177.06	-15	0
7.9882	-0.00013202	19.874	180	-15	0
7.9882	-0.00013202	19.874	180	-15	0
7.7882	-0.00013111	19.874	180	-15	0
7.7882	-0.00013111	19.874	180	-15	0
7.5882	-0.00013023	19.873	180	-15	0
7.5882	-0.00013023	19.873	180	-15	0
7.3882	-0.00012936	19.873	180	-15	0
7.3882	-0.00012936	19.873	180	-15	0
7.1882	-0.00012852	19.873	180	-15	0
7.1882	-0.00012852	19.873	180	-15	0
6.9881	-0.00012771	19.873	180	-15	0
6.9881	-0.00012771	19.873	180	-15	0
6.7881	-0.00012691	19.873	180	-15	0
6.7881	-0.00012691	19.873	180	-15	0
6.5881	-0.00012614	19.873	180	-15	0
6.5881	-0.00012614	19.873	180	-15	0
6.3881	-0.00012539	19.873	180	-15	0
6.3881	-0.00012539	19.873	180	-15	0
6.1881	-0.00012467	19.873	180	-15	0
6.1881	-0.00012467	19.873	180	-15	0
5.9881	-0.00012397	19.873	180	-15	0
5.9881	-0.00012397	19.873	180	-15	0
5.7881	-0.00012329	19.873	180	-15	0
5.7881	-0.00012329	19.873	180	-15	0
5.5881	-0.00012263	19.873	180	-15	0
5.5881	-0.00012263	19.873	180	-15	0
5.3881	-0.000122	19.872	180	-15	0
5.3881	-0.000122	19.872	180	-15	0
5.1881	-0.00012139	19.872	180	-15	0
5.1881	-0.00012139	19.872	180	-15	0
4.9881	-0.0001208	19.872	180	-15	0
4.9881	-0.0001208	19.872	180	-15	0
4.7881	-0.00012024	19.872	180	-15	0
4.7881	-0.00012024	19.872	180	-15	0
4.588	-0.0001197	19.872	180	-15	0
4.588	-0.0001197	19.872	180	-15	0
4.388	-0.00011918	19.872	180	-15	0
4.388	-0.00011918	19.872	180	-15	0
4.188	-0.00011869	19.872	180	-15	0
4.188	-0.00011869	19.872	180	-15	0
3.988	-0.00011821	19.872	180	-15	0
3.988	-0.00011821	19.872	180	-15	0
3.788	-0.00011776	19.872	180	-15	0
3.788	-0.00011776	19.872	180	-15	0
3.588	-0.00011734	19.872	180	-15	0
3.588	-0.00011734	19.872	180	-15	0
3.388	-0.00011694	19.871	180	-15	0
3.388	-0.00011694	19.871	180	-15	0
3.188	-0.00011656	19.871	180	-15	0
3.188	-0.00011656	19.871	180	-15	0
2.988	-0.0001162	19.871	180	-15	0
2.988	-0.0001162	19.871	180	-15	0
2.788	-0.00011587	19.871	180	-15	0
2.788	-0.00011587	19.871	180	-15	0
2.588	-0.00011556	19.871	180	-15	0
2.588	-0.00011556	19.871	180	-15	0
2.388	-0.00011527	19.871	180	-15	0
2.388	-0.00011527	19.871	180	-15	0
2.1879	-0.000115	19.871	180	-15	0
2.1879	-0.000115	19.871	180	-15	0
1.9879	-0.00011476	19.871	180	-15	0
1.9879	-0.00011476	19.871	180	-15	0
1.7879	-0.00011454	19.871	180	-15	0
1.7879	-0.00011454	19.871	180	-15	0
1.5879	-0.00011435	19.871	180	-15	0
1.5879	-0.00011435	19.871	180	-15	0
1.3879	-0.00011418	19.871	180	-15	0
1.3879	-0.00011418	19.871	180	-15	0
1.1879	-0.00011403	19.87	180	-15	0
1.1879	-0.00011403	19.87	180	-15	0
0.98789	-0.0001139	19.87	180	-15	0
0.98789	-0.0001139	19.87	180	-15	0
0.78788	-0.0001138	19.87	180	-15	0
0.78788	-0.0001138	19.87	180	-15	0
0.58788	-0.00011372	19.87	180	-15	0
0.58788	-0.00011372	19.87	180	-15	0
0.38787	-0.00011366	19.87	180	-15	0
0.38787	-0.00011366	19.87	180	-15	0
0.18786	-0.00011363	19.87	180	-15	0
0.18786	-0.00011363	19.87	180	-15	0
-0.01215	-0.00011361	19.87	180	-15	0
-0.01215	-0.00011361	19.87	180	-15	0
-0.21216	-0.00011363	19.87	180	-15	0
-0.21216	-0.00011363	19.87	180	-15	0
-0.41217	-0.00011366	19.87	180	-15	0
-0.41217	-0.00011366	19.87	180	-15	0
-0.61217	-0.00011372	19.87	180	-15	0
-0.61217	-0.00011372	19.87	180	-15	0
-0.81218	-0.0001138	19.869	180	-15	0
-0.81218	-0.0001138	19.869	180	-15	0
-1.0122	-0.0001139	19.869	180	-15	0
-1.0122	-0.0001139	19.869	180	-15	0
-1.2122	-0.00011403	19.869	180	-15	0
-1.2122	-0.00011403	19.869	180	-15	0
-1.4122	-0.00011418	19.869	180	-15	0
-1.4122	-0.00011418	19.869	180	-15	0
-1.6122	-0.00011435	19.869	180	-15	0
-1.6122	-0.00011435	19.869	180	-15	0
-1.8122	-0.00011455	19.869	180	-15	0
-1.8122	-0.00011455	19.869	180	-15	0
-2.0122	-0.00011477	19.869	180	-15	0
-2.0122	-0.00011477	19.869	180	-15	0
-2.2122	-0.00011501	19.869	180	-15	0
-2.2122	-0.00011501	19.869	180	-15	0
-2.4123	-0.00011528	19.869	180	-15	0
-2.4123	-0.00011528	19.869	180	-15	0
-2.6123	-0.00011556	19.869	180	-15	0
-2.6123	-0.00011556	19.869	180	-15	0
-2.8123	-0.00011588	19.869	180	-15	0
-2.8123	-0.00011588	19.869	180	-15	0
-3.0123	-0.00011621	19.868	180	-15	0
-3.0123	-0.00011621	19.868	180	-15	0
-3.2123	-0.00011657	19.868	180	-15	0
-3.2123	-0.00011657	19.868	180	-15	0
-3.4123	-0.00011695	19.868	180	-15	0
-3.4123	-0.00011695	19.868	180	-15	0
-3.6123	-0.00011735	19.868	180	-15	0
-3.6123	-0.00011735	19.868	180	-15	0
-3.8123	-0.00011778	19.868	180	-15	0
-3.8123	-0.00011778	19.868	180	-15	0
-4.0123	-0.00011823	19.868	-179.94	-15	0
-4.0123	-0.00011823	19.868	-179.94	-15	0
-4.2122	-0.00011864	19.862	-176.94	-15	0
-4.2122	-0.00011864	19.862	-176.94	-15	0
-4.4116	-0.00011895	19.846	-173.94	-15	0
-4.4116	-0.00011895	19.846	-173.94	-15	0
-4.6098	-0.00011916	19.82	-170.94	-15	0
-4.6098	-0.00011916	19.82	-170.94	-15	0
-4.8064	-0.00011927	19.782	-167.94	-15	0
-4.8064	-0.00011927	19.782	-167.94	-15	0
-5.0008	-0.00011927	19.735	-164.94	-15	0
-5.0008	-0.00011927	19.735	-164.94	-15	0
-5.1925	-0.00011918	19.677	-161.94	-15	0
-5.1925	-0.00011918	19.677	-161.94	-15	0
-5.381	-0.00011899	19.609	-158.94	-15	0
-5.381	-0.00011899	19.609	-158.94	-15	0
-5.5657	-0.0001187	19.532	-155.94	-15	0
-5.5657	-0.0001187	19.532	-155.94	-15	0
-5.7461	-0.0001183	19.444	-152.94	-15	0
-5.7461	-0.0001183	19.444	-152.94	-15	0
-5.9217	-0.00011781	19.348	-149.94	-15	0
-5.9217	-0.00011781	19.348	-149.94	-15	0
-6.0921	-0.00011722	19.242	-146.94	-15	0
-6.0921	-0.00011722	19.242	-146.94	-15	0
-6.2568	-0.00011654	19.127	-143.94	-15	0
-6.2568	-0.00011654	19.127	-143.94	-15	0
-6.4154	-0.00011576	19.003	-140.94	-15	0
-6.4154	-0.00011576	19.003	-140.94	-15	0
-6.5673	-0.0001149	18.872	-137.94	-15	0
-6.5673	-0.0001149	18.872	-137.94	-15	0
-6.7122	-0.00011394	18.732	-134.94	-15	0
-6.7122	-0.00011394	18.732	-134.94	-15	0
-6.8497	-0.0001129	18.585	-131.94	-15	0
-6.8497	-0.0001129	18.585	-131.94	-15	0
-6.9794	-0.00011177	18.431	-128.94	-15	0
-6.9794	-0.00011177	18.431	-128.94	-15	0
-7.101	-0.00011057	18.27	-125.94	-15	0
-7.101	-0.00011057	18.27	-125.94	-15	0
-7.2141	-0.00010929	18.103	-122.94	-15	0
-7.2141	-0.00010929	18.103	-122.94	-15	0
-7.3184	-0.00010793	17.931	-119.94	-15	0
-7.3184	-0.00010793	17.931	-119.94	-15	0
-7.4137	-0.00010651	17.753	-116.94	-15	0
-7.4137	-0.00010651	17.753	-116.94	-15	0
-7.4996	-0.00010502	17.57	-113.94	-15	0
-7.4996	-0.00010502	17.57	-113.94	-15	0
-7.5759	-0.00010347	17.383	-110.94	-15	0
-7.5759	-0.00010347	17.383	-110.94	-15	0
-7.6425	-0.00010186	17.192	-107.94	-15	0
-7.6425	-0.00010186	17.192	-107.94	-15	0
-7.6991	-0.0001002	16.998	-104.94	-15	0
-7.6991	-0.0001002	16.998	-104.94	-15	0
-7.7456	-9.849e-05	16.801	-101.94	-15	0
-7.7456	-9.849e-05	16.801	-101.94	-15	0
-7.7818	-9.6739e-05	16.602	-98.94	-15	0
-7.7818	-9.6739e-05	16.602	-98.94	-15	0
-7.8077	-9.4948e-05	16.401	-95.94	-15	0
-7.8077	-9.4948e-05	16.401	-95.94	-15	0
-7.8232	-9.3124e-05	16.199	-92.94	-15	0
-7.8232	-9.3124e-05	16.199	-92.94	-15	0
-7.8282	-9.1272e-05	15.997	-90	-15	0
-7.8282	-9.1272e-05	15.997	-90	-15	0
-7.8281	-8.9419e-05	15.794	-90	-15	0
-7.8281	-8.9419e-05	15.794	-90	-15	0
-7.8281	-8.759e-05	15.592	-90	-15	0
-7.8281	-8.759e-05	15.592	-90	-15	0
-7.828	-8.5785e-05	15.389	-90	-15	0
-7.828	-8.5785e-05	15.389	-90	-15	0
-7.828	-8.4003e-05	15.187	-90	-15	0
-7.828	-8.4003e-05	15.187	-90	-15	0
-7.8279	-8.2245e-05	14.984	-90	-15	0
-7.8279	-8.2245e-05	14.984	-90	-15	0
-7.8279	-8.0511e-05	14.782	-90	-15	0
-7.8279	-8.0511e-05	14.782	-90	-15	0
-7.8278	-7.8799e-05	14.579	-90	-15	0
-7.8278	-7.8799e-05	14.579	-90	-15	0
-7.8278	-7.7112e-05	14.377	-90	-15	0
-7.8278	-7.7112e-05	14.377	-90	-15	0
-7.8277	-7.5449e-05	14.174	-90	-15	0
-7.8277	-7.5449e-05	14.174	-90	-15	0
-7.8277	-7.3808e-05	13.972	-90	-15	0
-7.8277	-7.3808e-05	13.972	-90	-15	0
-7.8276	-7.2192e-05	13.769	-90	-15	0
-7.8276	-7.2192e-05	13.769	-90	-15	0
-7.8276	-7.0599e-05	13.567	-90	-15	0
-7.8276	-7.0599e-05	13.567	-90	-15	0
-7.8275	-6.9029e-05	13.364	-90	-15	0
-7.8275	-6.9029e-05	13.364	-90	-15	0
-7.8275	-6.7483e-05	13.162	-90	-15	0
-7.8275	-6.7483e-05	13.162	-90	-15	0
-7.8274	-6.5961e-05	12.959	-90	-15	0
-7.8274	-6.5961e-05	12.959	-90	-15	0
-7.8274	-6.4463e-05	12.757	-90	-15	0
-7.8274	-6.4463e-05	12.757	-90	-15	0
-7.8273	-6.2988e-05	12.554	-90	-15	0
-7.8273	-6.2988e-05	12.554	-90	-15	0
-7.8273	-6.1536e-05	12.352	-90	-15	0
-7.8273	-6.1536e-05	12.352	-90	-15	0
-7.8272	-6.0108e-05	12.15	-90	-15	0
-7.8272	-6.0108e-05	12.15	-90	-15	0
-7.8272	-5.8704e-05	11.947	-90	-15	0
-7.8272	-5.8704e-05	11.947	-90	-15	0
-7.8271	-5.7324e-05	11.745	-90	-15	0
-7.8271	-5.7324e-05	11.745	-90	-15	0
-7.827	-5.5967e-05	11.542	-90	-15	0
-7.827	-5.5967e-05	11.542	-90	-15	0
-7.827	-5.4633e-05	11.34	-90	-15	0
-7.827	-5.4633e-05	11.34	-90	-15	0
-7.8269	-5.3323e-05	11.137	-90	-15	0
-7.8269	-5.3323e-05	11.137	-90	-15	0
-7.8269	-5.2037e-05	10.935	-90	-15	0
-7.8269	-5.2037e-05	10.935	-90	-15	0
-7.8268	-5.0774e-05	10.732	-90	-15	0
-7.8268	-5.0774e-05	10.732	-90	-15	0
-7.8268	-4.9535e-05	10.53	-90	-15	0
-7.8268	-4.9535e-05	10.53	-90	-15	0
-7.8267	-4.832e-05	10.327	-90	-15	0
-7.8267	-4.832e-05	10.327	-90	-15	0
-7.8267	-4.7128e-05	10.125	-90	-15	0
-7.8267	-4.7128e-05	10.125	-90	-15	0
-7.8266	-4.596e-05	9.9224	-90	-15	0
-7.8266	-4.596e-05	9.9224	-90	-15	0
-7.8266	-4.4815e-05	9.7199	-90	-15	0
-7.8266	-4.4815e-05	9.7199	-90	-15	0
-7.8265	-4.3694e-05	9.5174	-90	-15	0
-7.8265	-4.3694e-05	9.5174	-90	-15	0
-7.8265	-4.2596e-05	9.3149	-90	-15	0
-7.8265	-4.2596e-05	9.3149	-90	-15	0
-7.8264	-4.1522e-05	9.1125	-90	-15	0
-7.8264	-4.1522e-05	9.1125	-90	-15	0
-7.8264	-4.0472e-05	8.91	-90	-15	0
-7.8264	-4.0472e-05	8.91	-90	-15	0
-7.8263	-3.9445e-05	8.7075	-90	-15	0
-7.8263	-3.9445e-05	8.7075	-90	-15	0
-7.8263	-3.8442e-05	8.505	-90	-15	0
-7.8263	-3.8442e-05	8.505	-90	-15	0
-7.8262	-3.7462e-05	8.3026	-90	-15	0
-7.8262	-3.7462e-05	8.3026	-90	-15	0
-7.8262	-3.6506e-05	8.1001	-90	-15	0
-7.8262	-3.6506e-05	8.1001	-90	-15	0
-7.8261	-3.5574e-05	7.8976	-90	-15	0
-7.8261	-3.5574e-05	7.8976	-90	-15	0
-7.8261	-3.4665e-05	7.6952	-90	-15	0
-7.8261	-3.4665e-05	7.6952	-90	-15	0
-7.826	-3.3781e-05	7.4927	-90	-15	0
-7.826	-3.3781e-05	7.4927	-90	-15	0
-7.8259	-3.2919e-05	7.2902	-90	-15	0
-7.8259	-3.2919e-05	7.2902	-90	-15	0
-7.8259	-3.2081e-05	7.0877	-90	-15	0
-7.8259	-3.2081e-05	7.0877	-90	-15	0
-7.8258	-3.1267e-05	6.8853	-90	-15	0
-7.8258	-3.1267e-05	6.8853	-90	-15	0
-7.8258	-3.0475e-05	6.6828	-90	-15	0
-7.8258	-3.0475e-05	6.6828	-90	-15	0
-7.8257	-2.9708e-05	6.4803	-90	-15	0
-7.8257	-2.9708e-05	6.4803	-90	-15	0
-7.8257	-2.8965e-05	6.2778	-90	-15	0
-7.8257	-2.8965e-05	6.2778	-90	-15	0
-7.8256	-2.8245e-05	6.0754	-90	-15	0
-7.8256	-2.8245e-05	6.0754	-90	-15	0
-7.8256	-2.7548e-05	5.8729	-90	-15	0
-7.8256	-2.7548e-05	5.8729	-90	-15	0
-7.8255	-2.6876e-05	5.6704	-90	-15	0
-7.8255	-2.6876e-05	5.6704	-90	-15	0
-7.8255	-2.6226e-05	5.468	-90	-15	0
-7.8255	-2.6226e-05	5.468	-90	-15	0
-7.8254	-2.5601e-05	5.2655	-90	-15	0
-7.8254	-2.5601e-05	5.2655	-90	-15	0
-7.8254	-2.4999e-05	5.063	-90	-15	0
-7.8254	-2.4999e-05	5.063	-90	-15	0
-7.8253	-2.442e-05	4.8605	-90	-15	0
-7.8253	-2.442e-05	4.8605	-90	-15	0
-7.8253	-2.3865e-05	4.6581	-90	-15	0
-7.8253	-2.3865e-05	4.6581	-90	-15	0
-7.8252	-2.3334e-05	4.4556	-90	-15	0
-7.8252	-2.3334e-05	4.4556	-90	-15	0
-7.8252	-2.2827e-05	4.2531	-90	-15	0
-7.8252	-2.2827e-05	4.2531	-90	-15	0
-7.8251	-2.2342e-05	4.0506	-90	-15	0
-7.8251	-2.2342e-05	4.0506	-90	-15	0
-7.8251	-2.1882e-05	3.8482	-89.94	-15	0
-7.8251	-2.1882e-05	3.8482	-89.94	-15	0
-7.8196	-2.1421e-05	3.6458	-86.94	-15	0
-7.8196	-2.1421e-05	3.6458	-86.94	-15	0
-7.8037	-2.0938e-05	3.444	-83.94	-15	0
-7.8037	-2.0938e-05	3.444	-83.94	-15	0
-7.7774	-2.0434e-05	3.2433	-80.94	-15	0
-7.7774	-2.0434e-05	3.2433	-80.94	-15	0
-7.7408	-1.991e-05	3.0443	-77.94	-15	0
-7.7408	-1.991e-05	3.0443	-77.94	-15	0
-7.6939	-1.9368e-05	2.8475	-74.94	-15	0
-7.6939	-1.9368e-05	2.8475	-74.94	-15	0
-7.6369	-1.8809e-05	2.6534	-71.94	-15	0
-7.6369	-1.8809e-05	2.6534	-71.94	-15	0
-7.5699	-1.8235e-05	2.4626	-68.94	-15	0
-7.5699	-1.8235e-05	2.4626	-68.94	-15	0
-7.4932	-1.7648e-05	2.2757	-65.94	-15	0
-7.4932	-1.7648e-05	2.2757	-65.94	-15	0
-7.4069	-1.7048e-05	2.093	-62.94	-15	0
-7.4069	-1.7048e-05	2.093	-62.94	-15	0
-7.3113	-1.6438e-05	1.9152	-59.94	-15	0
-7.3113	-1.6438e-05	1.9152	-59.94	-15	0
-7.2066	-1.5819e-05	1.7427	-56.94	-15	0
-7.2066	-1.5819e-05	1.7427	-56.94	-15	0
-7.0932	-1.5193e-05	1.576	-53.94	-15	0
-7.0932	-1.5193e-05	1.576	-53.94	-15	0
-6.9713	-1.4562e-05	1.4155	-50.94	-15	0
-6.9713	-1.4562e-05	1.4155	-50.94	-15	0
-6.8412	-1.3926e-05	1.2617	-47.94	-15	0
-6.8412	-1.3926e-05	1.2617	-47.94	-15	0
-6.7034	-1.3289e-05	1.115	-44.94	-15	0
-6.7034	-1.3289e-05	1.115	-44.94	-15	0
-6.5582	-1.2651e-05	0.97573	-41.94	-15	0
-6.5582	-1.2651e-05	0.97573	-41.94	-15	0
-6.406	-1.2014e-05	0.8444	-38.94	-15	0
-6.406	-1.2014e-05	0.8444	-38.94	-15	0
-6.2472	-1.1381e-05	0.72131	-35.94	-15	0
-6.2472	-1.1381e-05	0.72131	-35.94	-15	0
-6.0823	-1.0752e-05	0.6068	-32.94	-15	0
-6.0823	-1.0752e-05	0.6068	-32.94	-15	0
-5.9117	-1.0129e-05	0.50118	-29.94	-15	0
-5.9117	-1.0129e-05	0.50118	-29.94	-15	0
-5.7358	-9.5144e-06	0.40474	-26.94	-15	0
-5.7358	-9.5144e-06	0.40474	-26.94	-15	0
-5.5552	-8.9099e-06	0.31775	-23.94	-15	0
-5.5552	-8.9099e-06	0.31775	-23.94	-15	0
-5.3704	-8.3162e-06	0.24045	-20.94	-15	0
-5.3704	-8.3162e-06	0.24045	-20.94	-15	0
-5.1818	-7.7355e-06	0.17304	-17.94	-15	0
-5.1818	-7.7355e-06	0.17304	-17.94	-15	0
-4.99	-7.1694e-06	0.11572	-14.94	-15	0
-4.99	-7.1694e-06	0.11572	-14.94	-15	0
-4.7955	-6.6192e-06	0.068629	-11.94	-15	0
-4.7955	-6.6192e-06	0.068629	-11.94	-15	0
-4.5988	-6.0862e-06	0.03191	-8.94	-15	0
-4.5988	-6.0862e-06	0.03191	-8.94	-15	0
-4.4005	-5.5724e-06	0.0056587	-5.94	-15	0
-4.4005	-5.5724e-06	0.0056587	-5.94	-15	0
-4.2011	-5.079e-06	-0.010052	-2.94	-15	0
-4.2011	-5.079e-06	-0.010052	-2.94	-15	0
-4.0012	-4.607e-06	-0.015182	-8.2247e-06	-15	0
-4.0012	-4.607e-06	-0.015182	-8.2247e-06	-15	0
-3.8038	-4.1636e-06	-0.01517	-8.2247e-06	-15	0
-3.8038	-4.1636e-06	-0.01517	-8.2247e-06	-15	0
-3.6113	-3.7531e-06	-0.015159	-8.2247e-06	-15	0
-3.6113	-3.7531e-06	-0.015159	-8.2247e-06	-15	0
-3.4239	-3.3738e-06	-0.015148	-8.2247e-06	-15	0
-3.4239	-3.3738e-06	-0.015148	-8.2247e-06	-15	0
-3.2415	-3.0238e-06	-0.015136	-8.2247e-06	-15	0
-3.2415	-3.0238e-06	-0.015136	-8.2247e-06	-15	0
-3.064	-2.7018e-06	-0.015125	-8.2247e-06	-15	0
-3.064	-2.7018e-06	-0.015125	-8.2247e-06	-15	0
-2.8916	-2.4062e-06	-0.015113	-8.2247e-06	-15	0
-2.8916	-2.4062e-06	-0.015113	-8.2247e-06	-15	0
-2.7242	-2.1358e-06	-0.015101	-8.2247e-06	-15	0
-2.7242	-2.1358e-06	-0.015101	-8.2247e-06	-15	0
-2.5617	-1.8883e-06	-0.01509	-8.2247e-06	-15	0
-2.5617	-1.8883e-06	-0.01509	-8.2247e-06	-15	0
-2.4043	-1.6634e-06	-0.015078	-8.2247e-06	-15	0
-2.4043	-1.6634e-06	-0.015078	-8.2247e-06	-15	0
-2.2519	-1.4594e-06	-0.015066	-8.2247e-06	-15	0
-2.2519	-1.4594e-06	-0.015066	-8.2247e-06	-15	0
-2.1044	-1.2743e-06	-0.015053	-8.2247e-06	-15	0
-2.1044	-1.2743e-06	-0.015053	-8.2247e-06	-15	0
-1.962	-1.108e-06	-0.015041	-8.2247e-06	-15	0
-1.962	-1.108e-06	-0.015041	-8.2247e-06	-15	0
-1.8246	-9.5792e-07	-0.015029	-8.2247e-06	-15	0
-1.8246	-9.5792e-07	-0.015029	-8.2247e-06	-15	0
-1.6921	-8.2408e-07	-0.015016	-8.2247e-06	-15	0
-1.6921	-8.2408e-07	-0.015016	-8.2247e-06	-15	0
-1.5647	-7.0482e-07	-0.015003	-8.2247e-06	-15	0
-1.5647	-7.0482e-07	-0.015003	-8.2247e-06	-15	0
-1.4423	-5.9873e-07	-0.01499	-8.2247e-06	-15	0
-1.4423	-5.9873e-07	-0.01499	-8.2247e-06	-15	0
-1.3248	-5.0539e-07	-0.014977	-8.2247e-06	-15	0
-1.3248	-5.0539e-07	-0.014977	-8.2247e-06	-15	0
-1.2124	-4.2305e-07	-0.014963	-8.2247e-06	-15	0
-1.2124	-4.2305e-07	-0.014963	-8.2247e-06	-15	0
-1.105	-3.5128e-07	-0.014949	-8.2247e-06	-15	0