0	0	0	10	0	0
0	0	0	10	0	0
0	0	0	10	0	0
0.0017738	0.0024438	0.59555	9.95	0.11453	-0.019273
0.0017738	0.0024438	0.59555	9.95	0.11453	-0.019273
0.0096267	0.0046299	1.1898	9.7903	0.17033	0.078847
0.0096267	0.0046299	1.1898	9.7903	0.17033	0.078847
0.018333	0.0060653	1.7804	9.8173	0.17902	0.11391
0.018333	0.0060653	1.7804	9.8173	0.17902	0.11391
0.032311	0.0097654	2.3685	9.4845	0.30237	0.096418
0.032311	0.0097654	2.3685	9.4845	0.30237	0.096418
0.041998	0.010907	2.9604	9.503	0.2117	0.13396
0.041998	0.010907	2.9604	9.503	0.2117	0.13396
0.059374	0.013078	3.5506	9.2897	0.1885	0.36526
0.059374	0.013078	3.5506	9.2897	0.1885	0.36526
0.073911	0.013395	4.1378	9.3352	0.146	0.37419
0.073911	0.013395	4.1378	9.3352	0.146	0.37419
0.087199	0.011432	4.7226	9.4125	0.040249	0.36302
0.087199	0.011432	4.7226	9.4125	0.040249	0.36302
0.11637	0.091478	5.2031	9.2809	4.845	0.31065
0.11637	0.091478	5.2031	9.2809	4.845	0.31065
0.1381	0.18264	5.7307	9.2133	7.2467	0.28511
0.1381	0.18264	5.7307	9.2133	7.2467	0.28511
0.14116	0.19587	6.3986	9.0057	3.5273	0.28052
0.14116	0.19587	6.3986	9.0057	3.5273	0.28052
0.12793	0.10238	7.1309	9.0675	-3.2318	0.16083
0.12793	0.10238	7.1309	9.0675	-3.2318	0.16083
0.12981	-0.021062	7.8021	8.946	-7.3302	0.17654
0.12981	-0.021062	7.8021	8.946	-7.3302	0.17654
0.14117	-0.062068	8.3569	9.1207	-5.4778	0.13371
0.14117	-0.062068	8.3569	9.1207	-5.4778	0.13371
0.167	-0.0083525	8.8472	9.0798	-0.12352	0.10124
0.167	-0.0083525	8.8472	9.0798	-0.12352	0.10124
0.17322	-0.010534	9.4479	9.3002	-0.18773	0.19548
0.17322	-0.010534	9.4479	9.3002	-0.18773	0.19548
0.18045	-0.013917	10.052	9.1437	-0.25251	0.064585
0.18045	-0.013917	10.052	9.1437	-0.25251	0.064585
0.18693	-0.017171	10.655	9.2931	-0.27712	0.13207
0.18693	-0.017171	10.655	9.2931	-0.27712	0.13207
0.19088	-0.02113	11.26	9.5197	-0.34038	0.19425
0.19088	-0.02113	11.26	9.5197	-0.34038	0.19425
0.19848	-0.022519	11.864	9.4743	-0.21987	0.24537
0.19848	-0.022519	11.864	9.4743	-0.21987	0.24537
0.20295	-0.024106	12.473	9.5428	-0.16185	0.18021
0.20295	-0.024106	12.473	9.5428	-0.16185	0.18021
0.20746	-0.027443	13.085	9.5036	-0.24411	0.13038
0.20746	-0.027443	13.085	9.5036	-0.24411	0.13038
0.20974	-0.031877	13.699	9.3935	-0.32536	0.091055
0.20974	-0.031877	13.699	9.3935	-0.32536	0.091055
0.20807	-0.037622	14.313	9.5067	-0.46016	0.064871
0.20807	-0.037622	14.313	9.5067	-0.46016	0.064871
0.22879	-0.044936	14.932	8.061	-0.60329	-0.061458
0.22879	-0.044936	14.932	8.061	-0.60329	-0.061458
0.35506	-0.051697	15.568	2.2159	-0.64138	-0.14379
0.35506	-0.051697	15.568	2.2159	-0.64138	-0.14379
0.54694	-0.061315	16.188	-3.7383	-0.79856	-0.15252
0.54694	-0.061315	16.188	-3.7383	-0.79856	-0.15252
0.79603	-0.069583	16.782	-9.5694	-0.78939	-0.24449
0.79603	-0.069583	16.782	-9.5694	-0.78939	-0.24449
1.1131	-0.077117	17.348	-15.78	-0.76967	-0.30229
1.1131	-0.077117	17.348	-15.78	-0.76967	-0.30229
1.4885	-0.084122	17.875	-22.041	-0.70811	-0.43461
1.4885	-0.084122	17.875	-22.041	-0.70811	-0.43461
1.9158	-0.089454	18.358	-28.204	-0.60906	-0.60754
1.9158	-0.089454	18.358	-28.204	-0.60906	-0.60754
2.3876	-0.095317	18.8	-34.063	-0.62847	-0.74049
2.3876	-0.095317	18.8	-34.063	-0.62847	-0.74049
2.9052	-0.10017	19.186	-40.231	-0.59104	-0.87136
2.9052	-0.10017	19.186	-40.231	-0.59104	-0.87136
3.4618	-0.10502	19.516	-46.212	-0.58798	-0.90357
3.4618	-0.10502	19.516	-46.212	-0.58798	-0.90357
4.0476	-0.10809	19.786	-51.984	-0.49378	-1.0752
4.0476	-0.10809	19.786	-51.984	-0.49378	-1.0752
4.6655	-0.10888	19.988	-58.166	-0.35784	-1.1187
4.6655	-0.10888	19.988	-58.166	-0.35784	-1.1187
5.3006	-0.10931	20.131	-64.056	-0.28807	-1.1359
5.3006	-0.10931	20.131	-64.056	-0.28807	-1.1359
5.9482	-0.10568	20.205	-70.129	-0.0074731	-1.1385
5.9482	-0.10568	20.205	-70.129	-0.0074731	-1.1385
6.602	-0.099222	20.211	-76.295	0.2883	-1.2615
6.602	-0.099222	20.211	-76.295	0.2883	-1.2615
7.2475	-0.089128	20.164	-80.756	0.55517	-1.0831
7.2475	-0.089128	20.164	-80.756	0.55517	-1.0831
7.8689	-0.082504	20.157	-80.655	0.55355	-1.0333
7.8689	-0.082504	20.157	-80.655	0.55355	-1.0333
8.4846	-0.073734	20.148	-80.731	0.66134	-1.0433
8.4846	-0.073734	20.148	-80.731	0.66134	-1.0433
9.1141	-0.077066	20.142	-80.638	-0.11588	-1.0048
9.1141	-0.077066	20.142	-80.638	-0.11588	-1.0048
9.8378	-0.19534	20.153	-80.712	-5.7788	-1.0147
9.8378	-0.19534	20.153	-80.712	-5.7788	-1.0147
10.447	-0.26423	20.146	-80.737	-5.9184	-1.0633
10.447	-0.26423	20.146	-80.737	-5.9184	-1.0633
10.951	-0.21976	20.125	-80.435	-0.53788	-1.0171
10.951	-0.21976	20.125	-80.435	-0.53788	-1.0171
11.427	-0.10545	20.097	-80.239	5.9171	-0.93698
11.427	-0.10545	20.097	-80.239	5.9171	-0.93698
11.991	-0.00090536	20.082	-80.299	8.0643	-0.85091
11.991	-0.00090536	20.082	-80.299	8.0643	-0.85091
12.684	0.021791	20.09	-80.166	4.13	-0.99416
12.684	0.021791	20.09	-80.166	4.13	-0.99416
13.369	-0.0034569	20.088	-80.33	0.76657	-0.97201
13.369	-0.0034569	20.088	-80.33	0.76657	-0.97201
13.985	0.0057303	20.075	-80.315	0.76301	-1.0124
13.985	0.0057303	20.075	-80.315	0.76301	-1.0124
14.602	0.015447	20.059	-80.331	0.77968	-0.97483
14.602	0.015447	20.059	-80.331	0.77968	-0.97483
15.218	0.027169	20.042	-80.26	0.87182	-0.9791
15.218	0.027169	20.042	-80.26	0.87182	-0.9791
15.833	0.040662	20.027	-80.053	1.0055	-0.98949
15.833	0.040662	20.027	-80.053	1.0055	-0.98949
16.447	0.054094	20.009	-79.903	1.0592	-0.90318
16.447	0.054094	20.009	-79.903	1.0592	-0.90318
17.06	0.068739	19.987	-79.992	1.1312	-0.89345
17.06	0.068739	19.987	-79.992	1.1312	-0.89345
17.649	0.079557	20.038	-75.777	0.99411	-1.0369
17.649	0.079557	20.038	-75.777	0.99411	-1.0369
18.216	0.090885	20.169	-69.707	0.91536	-1.0252
18.216	0.090885	20.169	-69.707	0.91536	-1.0252
18.768	0.098291	20.368	-63.679	0.74176	-1.2533
18.768	0.098291	20.368	-63.679	0.74176	-1.2533
19.296	0.10661	20.619	-57.572	0.63642	-1.3356
19.296	0.10661	20.619	-57.572	0.63642	-1.3356
19.795	0.11425	20.922	-51.722	0.57258	-1.3933
19.795	0.11425	20.922	-51.722	0.57258	-1.3933
20.256	0.12023	21.278	-45.683	0.44045	-1.5113
20.256	0.12023	21.278	-45.683	0.44045	-1.5113
20.68	0.12755	21.671	-39.748	0.44409	-1.4604
20.68	0.12755	21.671	-39.748	0.44409	-1.4604
21.061	0.13356	22.109	-33.915	0.40782	-1.5693
21.061	0.13356	22.109	-33.915	0.40782	-1.5693
21.39	0.1387	22.583	-27.797	0.32233	-1.6221
21.39	0.1387	22.583	-27.797	0.32233	-1.6221
21.672	0.14346	23.087	-22.114	0.24684	-1.6211
21.672	0.14346	23.087	-22.114	0.24684	-1.6211
21.896	0.14614	23.617	-16.178	0.11244	-1.4884
21.896	0.14614	23.617	-16.178	0.11244	-1.4884
22.061	0.14413	24.172	-10.163	-0.16005	-1.4848
22.061	0.14413	24.172	-10.163	-0.16005	-1.4848
22.172	0.13929	24.746	-4.3026	-0.46013	-1.3753
22.172	0.13929	24.746	-4.3026	-0.46013	-1.3753
22.218	0.13465	25.32	1.897	-0.55162	-1.3447
22.218	0.13465	25.32	1.897	-0.55162	-1.3447
22.209	0.12937	25.895	8.1628	-0.65237	-1.2536
22.209	0.12937	25.895	8.1628	-0.65237	-1.2536
22.225	0.12373	26.499	9.5118	-0.73329	-1.2191
22.225	0.12373	26.499	9.5118	-0.73329	-1.2191
22.26	0.12188	27.107	9.4426	-0.58575	-1.17
22.26	0.12188	27.107	9.4426	-0.58575	-1.17
22.295	0.11912	27.717	9.4028	-0.57325	-1.128
22.295	0.11912	27.717	9.4028	-0.57325	-1.128
22.325	0.11351	28.331	9.4403	-0.68101	-1.1575
22.325	0.11351	28.331	9.4403	-0.68101	-1.1575
22.353	0.10883	28.942	9.6387	-0.69156	-1.1516
22.353	0.10883	28.942	9.6387	-0.69156	-1.1516
22.375	0.10548	29.555	9.7369	-0.61869	-1.2383
22.375	0.10548	29.555	9.7369	-0.61869	-1.2383
22.403	0.10453	30.168	9.6155	-0.5529	-1.033
22.403	0.10453	30.168	9.6155	-0.5529	-1.033
22.429	0.10309	30.779	9.4559	-0.47068	-1.0341
22.429	0.10309	30.779	9.4559	-0.47068	-1.0341
22.465	0.15911	31.319	9.6077	2.8208	-1.076
22.465	0.15911	31.319	9.6077	2.8208	-1.076
22.503	0.23475	31.874	9.531	5.1922	-1.0698
22.503	0.23475	31.874	9.531	5.1922	-1.0698
22.527	0.27821	32.488	9.5966	4.3799	-1.0789
22.527	0.27821	32.488	9.5966	4.3799	-1.0789
22.541	0.26553	33.156	9.6562	0.99739	-1.1157
22.541	0.26553	33.156	9.6562	0.99739	-1.1157
22.556	0.19556	33.843	9.6829	-3.2447	-0.99136
22.556	0.19556	33.843	9.6829	-3.2447	-0.99136
22.57	0.10696	34.493	9.7232	-5.9143	-1.0274
22.57	0.10696	34.493	9.7232	-5.9143	-1.0274
22.589	0.052006	35.081	9.9971	-5.589	-0.99431
22.589	0.052006	35.081	9.9971	-5.589	-0.99431
22.619	0.058997	35.618	10.067	-2.4462	-0.94941
22.619	0.058997	35.618	10.067	-2.4462	-0.94941
22.647	0.075279	36.186	10.091	-0.67051	-0.91088
22.647	0.075279	36.186	10.091	-0.67051	-0.91088
22.663	0.070784	36.793	10.177	-0.58352	-0.88503
22.663	0.070784	36.793	10.177	-0.58352	-0.88503
22.678	0.066411	37.399	10.199	-0.5606	-0.95306
22.678	0.066411	37.399	10.199	-0.5606	-0.95306
22.693	0.060686	38.007	10.222	-0.60542	-1.0204
22.693	0.060686	38.007	10.222	-0.60542	-1.0204
22.71	0.056152	38.615	10.075	-0.58804	-1.1037
22.71	0.056152	38.615	10.075	-0.58804	-1.1037
22.729	0.051645	39.226	9.9342	-0.59284	-1.029
22.729	0.051645	39.226	9.9342	-0.59284	-1.029
22.75	0.047071	39.843	9.6611	-0.55473	-0.99924
22.75	0.047071	39.843	9.6611	-0.55473	-0.99924
22.763	0.042671	40.458	9.8424	-0.51016	-1.1678
22.763	0.042671	40.458	9.8424	-0.51016	-1.1678
22.782	0.038954	41.074	9.9078	-0.51415	-1.22
22.782	0.038954	41.074	9.9078	-0.51415	-1.22
22.808	0.037795	41.685	9.8326	-0.43923	-1.1622
22.808	0.037795	41.685	9.8326	-0.43923	-1.1622
22.831	0.036473	42.295	9.7857	-0.37889	-1.2294
22.831	0.036473	42.295	9.7857	-0.37889	-1.2294
22.861	0.03564	42.908	9.5377	-0.33009	-1.1531
22.861	0.03564	42.908	9.5377	-0.33009	-1.1531
22.889	0.034376	43.52	9.6173	-0.32673	-1.0617
22.889	0.034376	43.52	9.6173	-0.32673	-1.0617
22.918	0.030891	44.135	9.606	-0.41332	-1.0687
22.918	0.030891	44.135	9.606	-0.41332	-1.0687
22.948	0.026136	44.75	9.5249	-0.50368	-1.0902
22.948	0.026136	44.75	9.5249	-0.50368	-1.0902
22.971	0.020852	45.364	9.7039	-0.58139	-1.0674
22.971	0.020852	45.364	9.7039	-0.58139	-1.0674
22.992	0.014069	45.982	9.7908	-0.64845	-1.1345
22.992	0.014069	45.982	9.7908	-0.64845	-1.1345
22.943	0.0096672	46.571	14.066	-0.61218	-0.96497
22.943	0.0096672	46.571	14.066	-0.61218	-0.96497
22.813	0.0026031	47.144	19.813	-0.64443	-0.97986
22.813	0.0026031	47.144	19.813	-0.64443	-0.97986
22.621	-0.0045595	47.698	26.043	-0.67388	-0.83457
22.621	-0.0045595	47.698	26.043	-0.67388	-0.83457
22.37	-0.014466	48.227	32.365	-0.79	-0.71631
22.37	-0.014466	48.227	32.365	-0.79	-0.71631
22.065	-0.025201	48.726	38.469	-0.81182	-0.69308
22.065	-0.025201	48.726	38.469	-0.81182	-0.69308
21.705	-0.036683	49.191	44.877	-0.91101	-0.45097
21.705	-0.036683	49.191	44.877	-0.91101	-0.45097
21.298	-0.049784	49.616	50.983	-0.99569	-0.28663
21.298	-0.049784	49.616	50.983	-0.99569	-0.28663
20.851	-0.061482	49.993	56.995	-0.99992	-0.29077
20.851	-0.061482	49.993	56.995	-0.99992	-0.29077
20.371	-0.072973	50.327	62.89	-0.97392	-0.16589
20.371	-0.072973	50.327	62.89	-0.97392	-0.16589
19.859	-0.086726	50.608	69.082	-1.0738	0.01983
19.859	-0.086726	50.608	69.082	-1.0738	0.01983
19.325	-0.099972	50.837	74.877	-1.0438	-0.011693
19.325	-0.099972	50.837	74.877	-1.0438	-0.011693
18.772	-0.11262	51.013	80.71	-1.0073	0.07056
18.772	-0.11262	51.013	80.71	-1.0073	0.07056
18.206	-0.12351	51.128	86.612	-0.88785	0.18461
18.206	-0.12351	51.128	86.612	-0.88785	0.18461
17.627	-0.13341	51.184	92.425	-0.77273	0.2281
17.627	-0.13341	51.184	92.425	-0.77273	0.2281
17.043	-0.14399	51.181	98.288	-0.74524	0.30734
17.043	-0.14399	51.181	98.288	-0.74524	0.30734
16.442	-0.15321	51.194	99.821	-0.65122	0.32874
16.442	-0.15321	51.194	99.821	-0.65122	0.32874
15.828	-0.16559	51.228	99.554	-0.76688	0.27403
15.828	-0.16559	51.228	99.554	-0.76688	0.27403
15.219	-0.17543	51.263	99.554	-0.72891	0.32972
15.219	-0.17543	51.263	99.554	-0.72891	0.32972
14.607	-0.18937	51.298	99.482	-0.89625	0.28616
14.607	-0.18937	51.298	99.482	-0.89625	0.28616
13.995	-0.20439	51.335	99.294	-0.99807	0.15388
13.995	-0.20439	51.335	99.294	-0.99807	0.15388
13.382	-0.21914	51.375	99.194	-1.0934	0.16076
13.382	-0.21914	51.375	99.194	-1.0934	0.16076
12.77	-0.23409	51.417	98.926	-1.097	0.026054
12.77	-0.23409	51.417	98.926	-1.097	0.026054
12.158	-0.24654	51.46	98.957	-1.0286	0.082566
12.158	-0.24654	51.46	98.957	-1.0286	0.082566
11.516	-0.25462	51.685	99.091	-1.0077	8.931
11.516	-0.25462	51.685	99.091	-1.0077	8.931
10.908	-0.29352	51.66	99.187	-1.1359	5.9245
10.908	-0.29352	51.66	99.187	-1.1359	5.9245
10.33	-0.34594	51.469	99.062	-1.0876	-5.3305
10.33	-0.34594	51.469	99.062	-1.0876	-5.3305
9.7303	-0.35955	51.432	99.292	-0.93904	-8.9767
9.7303	-0.35955	51.432	99.292	-0.93904	-8.9767
9.0853	-0.31448	51.656	99.002	-0.94321	0.028307
9.0853	-0.31448	51.656	99.002	-0.94321	0.028307
8.4748	-0.33005	51.691	98.957	-1.066	-0.063096
8.4748	-0.33005	51.691	98.957	-1.066	-0.063096
7.8718	-0.34157	51.725	99.034	-0.91683	-0.095994
7.8718	-0.34157	51.725	99.034	-0.91683	-0.095994
7.2662	-0.35348	51.762	99.022	-0.90969	-0.0097149
7.2662	-0.35348	51.762	99.022	-0.90969	-0.0097149
6.6589	-0.36805	51.797	99.085	-1.0336	-0.037981
6.6589	-0.36805	51.797	99.085	-1.0336	-0.037981
6.0532	-0.38282	51.833	99.122	-1.1082	-0.01569
6.0532	-0.38282	51.833	99.122	-1.1082	-0.01569
5.4521	-0.39591	51.869	99.038	-1.0385	-0.0896
5.4521	-0.39591	51.869	99.038	-1.0385	-0.0896
4.8536	-0.40878	51.908	99.008	-1.0462	-0.082454
4.8536	-0.40878	51.908	99.008	-1.0462	-0.082454
4.258	-0.4221	51.952	98.989	-1.0416	0.048557
4.258	-0.4221	51.952	98.989	-1.0416	0.048557
3.6632	-0.43519	51.996	98.957	-0.99836	0.071436
3.6632	-0.43519	51.996	98.957	-0.99836	0.071436
3.0677	-0.44915	52.043	98.818	-1.007	0.031086
3.0677	-0.44915	52.043	98.818	-1.007	0.031086
2.4724	-0.46033	52.098	98.558	-0.91288	-0.014524
2.4724	-0.46033	52.098	98.558	-0.91288	-0.014524
1.8722	-0.47367	52.152	98.438	-0.95034	-0.19414
1.8722	-0.47367	52.152	98.438	-0.95034	-0.19414
1.3059	-0.48782	52.097	104.41	-1.0697	-0.09658
1.3059	-0.48782	52.097	104.41	-1.0697	-0.09658
0.75428	-0.50057	51.98	110.64	-1.0594	-0.002434
0.75428	-0.50057	51.98	110.64	-1.0594	-0.002434
0.21564	-0.51231	51.815	116.4	-0.97878	0.17528
0.21564	-0.51231	51.815	116.4	-0.97878	0.17528
-0.30238	-0.52311	51.595	122.29	-0.87051	0.25736
-0.30238	-0.52311	51.595	122.29	-0.87051	0.25736
-0.8013	-0.53384	51.329	128.17	-0.80165	0.44949
-0.8013	-0.53384	51.329	128.17	-0.80165	0.44949
-1.2704	-0.54409	51.01	134.16	-0.71744	0.49956
-1.2704	-0.54409	51.01	134.16	-0.71744	0.49956
-1.707	-0.554	50.642	140.16	-0.66986	0.63659
-1.707	-0.554	50.642	140.16	-0.66986	0.63659
-2.1003	-0.56358	50.233	146.26	-0.61875	0.81409
-2.1003	-0.56358	50.233	146.26	-0.61875	0.81409
-2.4488	-0.56942	49.789	152.1	-0.35811	0.9617
-2.4488	-0.56942	49.789	152.1	-0.35811	0.9617
-2.7447	-0.57465	49.308	158.12	-0.18726	0.91568
-2.7447	-0.57465	49.308	158.12	-0.18726	0.91568
-2.9965	-0.5824	48.798	164.07	-0.25174	1.0288
-2.9965	-0.5824	48.798	164.07	-0.25174	1.0288
-3.19	-0.5901	48.264	170.05	-0.27956	1.0382
-3.19	-0.5901	48.264	170.05	-0.27956	1.0382
-3.3281	-0.59776	47.714	176.06	-0.28647	1.1985
-3.3281	-0.59776	47.714	176.06	-0.28647	1.1985
-3.4067	-0.60469	47.156	-178.01	-0.20526	1.2494
-3.4067	-0.60469	47.156	-178.01	-0.20526	1.2494
-3.42	-0.61025	46.598	-171.85	-0.084013	1.2817
-3.42	-0.61025	46.598	-171.85	-0.084013	1.2817
-3.4919	-0.61547	46.006	-172.06	-0.0048016	1.2474
-3.4919	-0.61547	46.006	-172.06	-0.0048016	1.2474
-3.5577	-0.62403	45.413	-171.82	-0.15872	1.2031
-3.5577	-0.62403	45.413	-171.82	-0.15872	1.2031
-3.6246	-0.63579	44.818	-171.84	-0.37238	1.1176
-3.6246	-0.63579	44.818	-171.84	-0.37238	1.1176
-3.6895	-0.64568	44.229	-171.61	-0.41919	1.2091
-3.6895	-0.64568	44.229	-171.61	-0.41919	1.2091
-3.7512	-0.65575	43.64	-171.55	-0.45109	1.2155
-3.7512	-0.65575	43.64	-171.55	-0.45109	1.2155
-3.8094	-0.66647	43.047	-171.58	-0.50817	1.2057
-3.8094	-0.66647	43.047	-171.58	-0.50817	1.2057
-3.8582	-0.67365	42.461	-171.37	-0.3436	1.117
-3.8582	-0.67365	42.461	-171.37	-0.3436	1.117
-3.9086	-0.67966	41.874	-171.4	-0.24824	1.1554
-3.9086	-0.67966	41.874	-171.4	-0.24824	1.1554
-3.9588	-0.68415	41.289	-171.29	-0.11453	1.1332
-3.9588	-0.68415	41.289	-171.29	-0.11453	1.1332
-4.0121	-0.68981	40.7	-171.37	-0.085129	1.1223
-4.0121	-0.68981	40.7	-171.37	-0.085129	1.1223
-4.069	-0.69846	40.104	-171.49	-0.22402	1.1377
-4.069	-0.69846	40.104	-171.49	-0.22402	1.1377
-4.1244	-0.70679	39.51	-171.49	-0.21615	1.1016
-4.1244	-0.70679	39.51	-171.49	-0.21615	1.1016
-4.1757	-0.7147	38.92	-171.33	-0.18261	1.1312
-4.1757	-0.7147	38.92	-171.33	-0.18261	1.1312
-4.2304	-0.72323	38.328	-171.4	-0.19135	1.1996
-4.2304	-0.72323	38.328	-171.4	-0.19135	1.1996
-4.2803	-0.73172	37.739	-171.29	-0.15562	1.1866
-4.2803	-0.73172	37.739	-171.29	-0.15562	1.1866
-4.331	-0.73946	37.146	-171.18	-0.089348	1.2229
-4.331	-0.73946	37.146	-171.18	-0.089348	1.2229
-4.3335	-0.74648	36.573	-168.21	0.0050804	1.1501
-4.3335	-0.74648	36.573	-168.21	0.0050804	1.1501
-4.2462	-0.75078	36.025	-162.26	0.16958	1.1425
-4.2462	-0.75078	36.025	-162.26	0.16958	1.1425
-4.1034	-0.7558	35.485	-156.35	0.24409	1.0484
-4.1034	-0.7558	35.485	-156.35	0.24409	1.0484
-3.9066	-0.7597	34.962	-150.32	0.32138	1.1156
-3.9066	-0.7597	34.962	-150.32	0.32138	1.1156
-3.6515	-0.76301	34.467	-144.23	0.39252	1.0524
-3.6515	-0.76301	34.467	-144.23	0.39252	1.0524
-3.3421	-0.7653	34.004	-138.17	0.45951	0.99833
-3.3421	-0.7653	34.004	-138.17	0.45951	0.99833
-2.9861	-0.76723	33.576	-132.23	0.51773	0.97926
-2.9861	-0.76723	33.576	-132.23	0.51773	0.97926
-2.5825	-0.76905	33.195	-126.13	0.54066	0.93722
-2.5825	-0.76905	33.195	-126.13	0.54066	0.93722
-2.1369	-0.77175	32.859	-119.97	0.53748	0.80324
-2.1369	-0.77175	32.859	-119.97	0.53748	0.80324
-1.6626	-0.77199	32.565	-114.17	0.63457	0.73987
-1.6626	-0.77199	32.565	-114.17	0.63457	0.73987
-1.1644	-0.771	32.317	-108.2	0.75489	0.72196
-1.1644	-0.771	32.317	-108.2	0.75489	0.72196
-0.64292	-0.77056	32.124	-102.37	0.75613	0.61274
-0.64292	-0.77056	32.124	-102.37	0.75613	0.61274
-0.10247	-0.7707	31.987	-96.574	0.71795	0.53977
-0.10247	-0.7707	31.987	-96.574	0.71795	0.53977
0.44806	-0.77114	31.905	-90.832	0.67614	0.4
0.44806	-0.77114	31.905	-90.832	0.67614	0.4
1.0033	-0.76882	31.882	-84.702	0.81806	0.25274
1.0033	-0.76882	31.882	-84.702	0.81806	0.25274
1.5815	-0.76695	31.871	-81.812	0.76908	0.22458
1.5815	-0.76695	31.871	-81.812	0.76908	0.22458
2.1741	-0.76898	31.827	-81.771	0.56256	0.20489
2.1741	-0.76898	31.827	-81.771	0.56256	0.20489
2.7587	-0.7698	31.782	-81.789	0.56017	0.16501
2.7587	-0.7698	31.782	-81.789	0.56017	0.16501
3.3425	-0.76829	31.728	-82.044	0.65505	0.23926
3.3425	-0.76829	31.728	-82.044	0.65505	0.23926
3.9284	-0.76734	31.679	-81.985	0.66006	0.20596
3.9284	-0.76734	31.679	-81.985	0.66006	0.20596
4.5132	-0.76513	31.625	-82.163	0.72887	0.19242
4.5132	-0.76513	31.625	-82.163	0.72887	0.19242
5.0973	-0.76161	31.575	-82.165	0.79667	0.22607
5.0973	-0.76161	31.575	-82.165	0.79667	0.22607
5.6831	-0.75868	31.53	-82.153	0.80042	0.17223
5.6831	-0.75868	31.53	-82.153	0.80042	0.17223
6.2627	-0.75769	31.504	-80.743	0.72792	0.073065
6.2627	-0.75769	31.504	-80.743	0.72792	0.073065
6.8113	-0.75535	31.584	-74.68	0.75467	0.034366
6.8113	-0.75535	31.584	-74.68	0.75467	0.034366
7.3519	-0.74978	31.722	-68.788	0.89841	0.002032
7.3519	-0.74978	31.722	-68.788	0.89841	0.002032
7.8741	-0.74368	31.921	-62.698	1.0236	-0.087596
7.8741	-0.74368	31.921	-62.698	1.0236	-0.087596
8.374	-0.74054	32.176	-56.664	0.9048	-0.1159
8.374	-0.74054	32.176	-56.664	0.9048	-0.1159
8.8404	-0.73893	32.484	-50.493	0.77179	-0.26966
8.8404	-0.73893	32.484	-50.493	0.77179	-0.26966
9.2685	-0.7331	32.833	-44.541	0.92239	-0.27982
9.2685	-0.7331	32.833	-44.541	0.92239	-0.27982
9.6552	-0.72868	33.234	-38.506	0.90745	-0.36082
9.6552	-0.72868	33.234	-38.506	0.90745	-0.36082
9.9968	-0.72486	33.676	-32.569	0.85176	-0.48125
9.9968	-0.72486	33.676	-32.569	0.85176	-0.48125
10.291	-0.72203	34.149	-26.71	0.75129	-0.58063
10.291	-0.72203	34.149	-26.71	0.75129	-0.58063
10.537	-0.71971	34.649	-20.807	0.69497	-0.68135
10.537	-0.71971	34.649	-20.807	0.69497	-0.68135
10.727	-0.71743	35.17	-14.81	0.65341	-0.70276
10.727	-0.71743	35.17	-14.81	0.65341	-0.70276
10.86	-0.71631	35.707	-8.954	0.59168	-0.80626
10.86	-0.71631	35.707	-8.954	0.59168	-0.80626
10.931	-0.71865	36.261	-2.9466	0.37096	-0.8493
10.931	-0.71865	36.261	-2.9466	0.37096	-0.8493
10.94	-0.72009	36.816	3.154	0.32732	-0.95242
10.94	-0.72009	36.816	3.154	0.32732	-0.95242
10.921	-0.72001	37.381	7.447	0.34834	-0.91291
10.921	-0.72001	37.381	7.447	0.34834	-0.91291
10.947	-0.72315	37.974	7.328	0.22733	-0.94027
10.947	-0.72315	37.974	7.328	0.22733	-0.94027
10.978	-0.72443	38.564	7.2521	0.22555	-0.88457
10.978	-0.72443	38.564	7.2521	0.22555	-0.88457
11.016	-0.72554	39.158	7.0739	0.2536	-0.90588
11.016	-0.72554	39.158	7.0739	0.2536	-0.90588
11.05	-0.72459	39.751	7.0885	0.38199	-0.97688
11.05	-0.72459	39.751	7.0885	0.38199	-0.97688
11.093	-0.72487	40.348	6.8987	0.37719	-1.0343
11.093	-0.72487	40.348	6.8987	0.37719	-1.0343
11.126	-0.78634	41.017	6.8506	-3.1784	-1.022
11.126	-0.78634	41.017	6.8506	-3.1784	-1.022
11.16	-0.89856	41.679	6.8976	-6.61	-0.99646
11.16	-0.89856	41.679	6.8976	-6.61	-0.99646
11.202	-0.92252	42.227	7.02	-4.0939	-0.91383
11.202	-0.92252	42.227	7.02	-4.0939	-0.91383
11.251	-0.84753	42.694	6.9876	2.1936	-0.8533
11.251	-0.84753	42.694	6.9876	2.1936	-0.8533
11.293	-0.74095	43.176	7.2176	7.0991	-0.85142
11.293	-0.74095	43.176	7.2176	7.0991	-0.85142
11.32	-0.67828	43.779	7.3844	6.4405	-0.82198
11.32	-0.67828	43.779	7.3844	6.4405	-0.82198
11.332	-0.71261	44.494	7.4782	0.84135	-0.76034
11.332	-0.71261	44.494	7.4782	0.84135	-0.76034
11.35	-0.71418	45.094	7.649	0.63499	-0.85601
11.35	-0.71418	45.094	7.649	0.63499	-0.85601
11.378	-0.71054	45.688	7.4545	0.72558	-0.92723
11.378	-0.71054	45.688	7.4545	0.72558	-0.92723
11.41	-0.70855	46.281	7.2403	0.69371	-0.98271
11.41	-0.70855	46.281	7.2403	0.69371	-0.98271
11.446	-0.70613	46.875	7.0418	0.66069	-0.97056
11.446	-0.70613	46.875	7.0418	0.66069	-0.97056
11.481	-0.70119	47.465	7.0633	0.80118	-1.0775
11.481	-0.70119	47.465	7.0633	0.80118	-1.0775
11.543	-0.59015	47.934	6.5785	6.7179	-1.0784
11.543	-0.59015	47.934	6.5785	6.7179	-1.0784
11.594	-0.50329	48.504	6.3602	7.748	-1.1926
11.594	-0.50329	48.504	6.3602	7.748	-1.1926
11.636	-0.50658	49.205	6.2228	2.8943	-1.2542
11.636	-0.50658	49.205	6.2228	2.8943	-1.2542
11.674	-0.60925	49.94	6.1429	-3.7539	-1.3301
11.674	-0.60925	49.94	6.1429	-3.7539	-1.3301
11.727	-0.71926	50.596	5.9123	-6.739	-1.3709
11.727	-0.71926	50.596	5.9123	-6.739	-1.3709
11.797	-0.72369	51.122	5.8138	-3.253	-1.3304
11.797	-0.72369	51.122	5.8138	-3.253	-1.3304
11.854	-0.67802	51.639	6.0754	0.56626	-1.3969
11.854	-0.67802	51.639	6.0754	0.56626	-1.3969
11.906	-0.676	52.234	6.076	0.55541	-1.3849
11.906	-0.676	52.234	6.076	0.55541	-1.3849
12.057	-0.66344	52.837	6.3257	0.49163	3.575
12.057	-0.66344	52.837	6.3257	0.49163	3.575
12.152	-0.66864	53.427	6.5213	0.59936	6.0271
12.152	-0.66864	53.427	6.5213	0.59936	6.0271
12.119	-0.68382	54.004	6.4216	0.63463	2.3173
12.119	-0.68382	54.004	6.4216	0.63463	2.3173
12.027	-0.70519	54.574	6.4475	0.72667	-4.2725
12.027	-0.70519	54.574	6.4475	0.72667	-4.2725
11.983	-0.71577	55.151	6.551	0.66727	-8.4374
11.983	-0.71577	55.151	6.551	0.66727	-8.4374
12.057	-0.68681	55.741	6.6963	0.73379	-6.5596
12.057	-0.68681	55.741	6.6963	0.73379	-6.5596
12.197	-0.6521	56.344	6.6947	0.72311	-1.2588
12.197	-0.6521	56.344	6.6947	0.72311	-1.2588
12.227	-0.64497	56.932	6.8411	0.83789	-1.1864
12.227	-0.64497	56.932	6.8411	0.83789	-1.1864
12.258	-0.63782	57.521	6.8809	0.88874	-1.1685
12.258	-0.63782	57.521	6.8809	0.88874	-1.1685
12.289	-0.63072	58.111	6.8301	0.93903	-1.2347
12.289	-0.63072	58.111	6.8301	0.93903	-1.2347
12.315	-0.62528	58.701	7.1603	0.87464	-1.2015
12.315	-0.62528	58.701	7.1603	0.87464	-1.2015
12.341	-0.61791	59.288	7.3063	0.99022	-1.1443
12.341	-0.61791	59.288	7.3063	0.99022	-1.1443
12.363	-0.61273	59.878	7.5681	0.95937	-1.0916
12.363	-0.61273	59.878	7.5681	0.95937	-1.0916
12.387	-0.60663	60.47	7.3884	1.0241	-1.0563
12.387	-0.60663	60.47	7.3884	1.0241	-1.0563
12.408	-0.60045	61.062	7.3589	1.0608	-1.1229
12.408	-0.60045	61.062	7.3589	1.0608	-1.1229
12.437	-0.59442	61.655	7.1123	1.0646	-1.095
12.437	-0.59442	61.655	7.1123	1.0646	-1.095
12.468	-0.58806	62.247	6.7795	1.0567	-1.0442
12.468	-0.58806	62.247	6.7795	1.0567	-1.0442
12.489	-0.58188	62.834	6.9242	1.0575	-1.1432
12.489	-0.58188	62.834	6.9242	1.0575	-1.1432
12.513	-0.57543	63.423	7.0218	1.0596	-1.2755
12.513	-0.57543	63.423	7.0218	1.0596	-1.2755
12.537	-0.56568	64.008	7.2197	1.1519	-1.1381
12.537	-0.56568	64.008	7.2197	1.1519	-1.1381
12.565	-0.55606	64.597	7.0527	1.1896	-1.0146
12.565	-0.55606	64.597	7.0527	1.1896	-1.0146
12.585	-0.54942	65.19	7.1216	1.0469	-1.047
12.585	-0.54942	65.19	7.1216	1.0469	-1.047
12.61	-0.54213	65.78	6.9604	1.0508	-0.96672
12.61	-0.54213	65.78	6.9604	1.0508	-0.96672
12.63	-0.53435	66.371	6.9854	1.0756	-0.96411
12.63	-0.53435	66.371	6.9854	1.0756	-0.96411
12.643	-0.5261	66.963	7.0663	1.1223	-1.0463
12.643	-0.5261	66.963	7.0663	1.1223	-1.0463
12.656	-0.51771	67.557	7.2017	1.1577	-1.0368
12.656	-0.51771	67.557	7.2017	1.1577	-1.0368
12.66	-0.5119	68.154	7.4337	1.0464	-1.1622
12.66	-0.5119	68.154	7.4337	1.0464	-1.1622
12.664	-0.50636	68.756	7.5257	0.95537	-1.1595
12.664	-0.50636	68.756	7.5257	0.95537	-1.1595
12.669	-0.49803	69.357	7.4013	1.0526	-1.1094
12.669	-0.49803	69.357	7.4013	1.0526	-1.1094
12.675	-0.48968	69.958	7.4882	1.0573	-0.97077
12.675	-0.48968	69.958	7.4882	1.0573	-0.97077
12.677	-0.48292	70.557	7.6137	1.0176	-0.95418
12.677	-0.48292	70.557	7.6137	1.0176	-0.95418
12.691	-0.47382	71.155	7.1245	1.1235	-0.84935
12.691	-0.47382	71.155	7.1245	1.1235	-0.84935
12.702	-0.46454	71.749	7.1076	1.1533	-0.74767
12.702	-0.46454	71.749	7.1076	1.1533	-0.74767
12.71	-0.45729	72.343	7.0328	1.1235	-0.74854
12.71	-0.45729	72.343	7.0328	1.1235	-0.74854
12.716	-0.44918	72.936	7.3181	1.1469	-0.72848
12.716	-0.44918	72.936	7.3181	1.1469	-0.72848
12.729	-0.43973	73.532	7.3085	1.2141	-0.61449
12.729	-0.43973	73.532	7.3085	1.2141	-0.61449
12.738	-0.43071	74.129	7.5316	1.2429	-0.69023
12.738	-0.43071	74.129	7.5316	1.2429	-0.69023
12.749	-0.42182	74.728	7.6684	1.2658	-0.74268
12.749	-0.42182	74.728	7.6684	1.2658	-0.74268
12.761	-0.41349	75.33	7.7048	1.2189	-0.7104
12.761	-0.41349	75.33	7.7048	1.2189	-0.7104
12.772	-0.40411	75.93	7.7051	1.2508	-0.70843