0	1	0	0	0	0
0	1	0	0	0	0
0	1	0	0	0	0
-0.0013684	1	0.2993	0.051554	-0.0042277	0.005557
-0.0013684	1	0.2993	0.051554	-0.0042277	0.005557
-0.0046838	0.9997	0.59814	0.15872	-0.050773	-0.083916
-0.0046838	0.9997	0.59814	0.15872	-0.050773	-0.083916
-0.0070785	0.9995	0.89504	0.19368	-0.032723	-0.12131
-0.0070785	0.9995	0.89504	0.19368	-0.032723	-0.12131
-0.008493	0.99937	1.193	0.11538	-0.034144	-0.12288
-0.008493	0.99937	1.193	0.11538	-0.034144	-0.12288
-0.0093252	0.99995	1.4883	0.11238	0.076777	-0.10538
-0.0093252	0.99995	1.4883	0.11238	0.076777	-0.10538
-0.011261	1.0001	1.7847	0.22764	0.038781	-0.07243
-0.011261	1.0001	1.7847	0.22764	0.038781	-0.07243
-0.015835	1.001	2.0792	0.23641	0.13982	-0.14241
-0.015835	1.001	2.0792	0.23641	0.13982	-0.14241
-0.019952	1.002	2.3749	0.14643	0.17638	-0.17396
-0.019952	1.002	2.3749	0.14643	0.17638	-0.17396
-0.024458	1.0035	2.67	0.071188	0.24661	-0.16992
-0.024458	1.0035	2.67	0.071188	0.24661	-0.16992
-0.028032	1.0044	2.9665	-0.050415	0.2101	-0.14766
-0.028032	1.0044	2.9665	-0.050415	0.2101	-0.14766
-0.028693	1.0053	3.2615	-0.24734	0.20787	-0.098407
-0.028693	1.0053	3.2615	-0.24734	0.20787	-0.098407
-0.032129	1.0064	3.5568	-0.099103	0.2158	-0.064482
-0.032129	1.0064	3.5568	-0.099103	0.2158	-0.064482
-0.036351	1.0077	3.8524	-0.062131	0.23954	-0.025011
-0.036351	1.0077	3.8524	-0.062131	0.23954	-0.025011
-0.040896	1.0088	4.1483	-0.28935	0.21718	-0.039511
-0.040896	1.0088	4.1483	-0.28935	0.21718	-0.039511
-0.04466	1.0103	4.4429	-0.32892	0.24596	0.023381
-0.04466	1.0103	4.4429	-0.32892	0.24596	0.023381
-0.048114	1.0115	4.738	-0.38242	0.20231	0.091583
-0.048114	1.0115	4.738	-0.38242	0.20231	0.091583
-0.05243	1.0124	5.0328	-0.28565	0.13318	0.16223
-0.05243	1.0124	5.0328	-0.28565	0.13318	0.16223
-0.058725	1.0133	5.3276	-0.37834	0.12441	0.08822
-0.058725	1.0133	5.3276	-0.37834	0.12441	0.08822
-0.063968	1.0141	5.6231	-0.48531	0.079947	0.11024
-0.063968	1.0141	5.6231	-0.48531	0.079947	0.11024
-0.069735	1.015	5.9172	-0.50398	0.10644	0.081596
-0.069735	1.015	5.9172	-0.50398	0.10644	0.081596
-0.077045	1.0169	6.2117	-0.43419	0.21717	-0.0088852
-0.077045	1.0169	6.2117	-0.43419	0.21717	-0.0088852
-0.080103	1.0179	6.509	-0.53105	0.16118	-0.018941
-0.080103	1.0179	6.509	-0.53105	0.16118	-0.018941
-0.085564	1.0198	6.8051	-0.41329	0.23373	-0.10494
-0.085564	1.0198	6.8051	-0.41329	0.23373	-0.10494
-0.08883	1.0215	7.1036	-0.35702	0.23808	-0.0080794
-0.08883	1.0215	7.1036	-0.35702	0.23808	-0.0080794
-0.092435	1.0237	7.4014	-0.55793	0.32768	-0.021832
-0.092435	1.0237	7.4014	-0.55793	0.32768	-0.021832
-0.098627	1.0254	7.7002	-0.53667	0.29936	-0.070336
-0.098627	1.0254	7.7002	-0.53667	0.29936	-0.070336
-0.103	1.0275	7.9983	-0.59795	0.32459	-0.08689
-0.103	1.0275	7.9983	-0.59795	0.32459	-0.08689
-0.10478	1.0291	8.2973	-0.72644	0.28009	-0.010867
-0.10478	1.0291	8.2973	-0.72644	0.28009	-0.010867
-0.10734	1.0307	8.5958	-0.68327	0.27832	-0.032631
-0.10734	1.0307	8.5958	-0.68327	0.27832	-0.032631
-0.10899	1.0317	8.8955	-0.60944	0.20721	0.015473
-0.10899	1.0317	8.8955	-0.60944	0.20721	0.015473
-0.11125	1.0332	9.1928	-0.69249	0.24291	-0.029272
-0.11125	1.0332	9.1928	-0.69249	0.24291	-0.029272
-0.11548	1.0349	9.491	-0.64254	0.25668	-0.062233
-0.11548	1.0349	9.491	-0.64254	0.25668	-0.062233
-0.11987	1.0368	9.7899	-0.59373	0.28331	-0.041191
-0.11987	1.0368	9.7899	-0.59373	0.28331	-0.041191
-0.12445	1.0389	10.089	-0.53844	0.29588	-0.0089449
-0.12445	1.0389	10.089	-0.53844	0.29588	-0.0089449
-0.12817	1.0413	10.387	-0.55616	0.35492	0.070093
-0.12817	1.0413	10.387	-0.55616	0.35492	0.070093
-0.13325	1.0438	10.686	-0.58296	0.38818	0.16302
-0.13325	1.0438	10.686	-0.58296	0.38818	0.16302
-0.14105	1.0461	10.986	-0.50939	0.36594	0.1406
-0.14105	1.0461	10.986	-0.50939	0.36594	0.1406
-0.1464	1.0485	11.285	-0.49463	0.40136	0.20312
-0.1464	1.0485	11.285	-0.49463	0.40136	0.20312
-0.15413	1.0513	11.585	-0.42996	0.46828	0.12917
-0.15413	1.0513	11.585	-0.42996	0.46828	0.12917
-0.1595	1.0537	11.885	-0.60687	0.448	0.16268
-0.1595	1.0537	11.885	-0.60687	0.448	0.16268
-0.16802	1.0559	12.187	-0.48396	0.38029	0.1772
-0.16802	1.0559	12.187	-0.48396	0.38029	0.1772
-0.17669	1.0588	12.485	-0.54815	0.43893	0.16673
-0.17669	1.0588	12.485	-0.54815	0.43893	0.16673
-0.1845	1.0614	12.785	-0.53997	0.41233	0.20187
-0.1845	1.0614	12.785	-0.53997	0.41233	0.20187
-0.1915	1.064	13.086	-0.55031	0.44465	0.27636
-0.1915	1.064	13.086	-0.55031	0.44465	0.27636
-0.20027	1.0667	13.388	-0.69559	0.4611	0.17558
-0.20027	1.0667	13.388	-0.69559	0.4611	0.17558
-0.20648	1.0693	13.693	-0.82454	0.45426	0.18194
-0.20648	1.0693	13.693	-0.82454	0.45426	0.18194
-0.21167	1.0721	13.997	-0.76444	0.48643	0.22433
-0.21167	1.0721	13.997	-0.76444	0.48643	0.22433
-0.21496	1.0746	14.302	-0.83685	0.46588	0.2582
-0.21496	1.0746	14.302	-0.83685	0.46588	0.2582
-0.21682	1.0778	14.607	-0.93039	0.56552	0.32282
-0.21682	1.0778	14.607	-0.93039	0.56552	0.32282
-0.22374	1.0807	14.914	-0.80429	0.5326	0.16511
-0.22374	1.0807	14.914	-0.80429	0.5326	0.16511
-0.22989	1.0841	15.219	-0.72964	0.58586	0.12869
-0.22989	1.0841	15.219	-0.72964	0.58586	0.12869
-0.2376	1.0875	15.525	-0.71253	0.59504	0.10044
-0.2376	1.0875	15.525	-0.71253	0.59504	0.10044
-0.24438	1.0909	15.831	-0.75716	0.59804	0.14751
-0.24438	1.0909	15.831	-0.75716	0.59804	0.14751
-0.25391	1.0944	16.138	-0.80789	0.61637	0.10023
-0.25391	1.0944	16.138	-0.80789	0.61637	0.10023
-0.2615	1.0979	16.446	-0.68662	0.60075	0.12107
-0.2615	1.0979	16.446	-0.68662	0.60075	0.12107
-0.27062	1.1012	16.754	-0.69494	0.57373	0.014034
-0.27062	1.1012	16.754	-0.69494	0.57373	0.014034
-0.27713	1.1045	17.061	-0.74359	0.55997	-0.004091
-0.27713	1.1045	17.061	-0.74359	0.55997	-0.004091
-0.2857	1.1083	17.367	-0.63819	0.60745	-0.054974
-0.2857	1.1083	17.367	-0.63819	0.60745	-0.054974
-0.29524	1.1123	17.674	-0.55153	0.65483	-0.12599
-0.29524	1.1123	17.674	-0.55153	0.65483	-0.12599
-0.30452	1.1161	17.981	-0.70374	0.67236	-0.20546
-0.30452	1.1161	17.981	-0.70374	0.67236	-0.20546
-0.31335	1.1208	18.287	-0.68506	0.79619	-0.19678
-0.31335	1.1208	18.287	-0.68506	0.79619	-0.19678
-0.32215	1.1251	18.597	-0.65676	0.76574	-0.15749
-0.32215	1.1251	18.597	-0.65676	0.76574	-0.15749
-0.33022	1.1295	18.906	-0.62804	0.74625	-0.13741
-0.33022	1.1295	18.906	-0.62804	0.74625	-0.13741
-0.33809	1.134	19.213	-0.82205	0.77764	-0.14182
-0.33809	1.134	19.213	-0.82205	0.77764	-0.14182
-0.34648	1.1383	19.522	-0.70924	0.76071	-0.13065
-0.34648	1.1383	19.522	-0.70924	0.76071	-0.13065
-0.35555	1.143	19.83	-0.73126	0.81306	-0.19774
-0.35555	1.143	19.83	-0.73126	0.81306	-0.19774
-0.3877	1.1478	20.137	2.236	0.80797	-0.19065
-0.3877	1.1478	20.137	2.236	0.80797	-0.19065
-0.43758	1.152	20.443	5.3851	0.75569	-0.19003
-0.43758	1.152	20.443	5.3851	0.75569	-0.19003
-0.50278	1.1557	20.745	8.3878	0.69011	-0.24017
-0.50278	1.1557	20.745	8.3878	0.69011	-0.24017
-0.58475	1.1599	21.041	11.397	0.74077	-0.31601
-0.58475	1.1599	21.041	11.397	0.74077	-0.31601
-0.67998	1.1643	21.334	14.312	0.76001	-0.31514
-0.67998	1.1643	21.334	14.312	0.76001	-0.31514
-0.79072	1.1679	21.624	17.236	0.68578	-0.3297
-0.79072	1.1679	21.624	17.236	0.68578	-0.3297
-0.91581	1.1722	21.904	20.288	0.74017	-0.29121
-0.91581	1.1722	21.904	20.288	0.74017	-0.29121
-1.0561	1.1763	22.178	23.129	0.74779	-0.31095
-1.0561	1.1763	22.178	23.129	0.74779	-0.31095
-1.2111	1.1811	22.443	26.245	0.80824	-0.37496
-1.2111	1.1811	22.443	26.245	0.80824	-0.37496
-1.3811	1.1855	22.7	29.279	0.78887	-0.43525
-1.3811	1.1855	22.7	29.279	0.78887	-0.43525
-1.5632	1.1895	22.948	32.241	0.70901	-0.51336
-1.5632	1.1895	22.948	32.241	0.70901	-0.51336
-1.7546	1.194	23.186	35.163	0.7517	-0.57294
-1.7546	1.194	23.186	35.163	0.7517	-0.57294
-1.9587	1.1979	23.414	38.106	0.68093	-0.66347
-1.9587	1.1979	23.414	38.106	0.68093	-0.66347
-2.1731	1.2018	23.629	41.187	0.65317	-0.73026
-2.1731	1.2018	23.629	41.187	0.65317	-0.73026
-2.3972	1.2054	23.832	44.369	0.60806	-0.79953
-2.3972	1.2054	23.832	44.369	0.60806	-0.79953
-2.6297	1.2088	24.027	47.187	0.55319	-0.78575
-2.6297	1.2088	24.027	47.187	0.55319	-0.78575
-2.8727	1.2121	24.21	50.114	0.5144	-0.79755
-2.8727	1.2121	24.21	50.114	0.5144	-0.79755
-3.1263	1.2147	24.38	53.118	0.40749	-0.93891
-3.1263	1.2147	24.38	53.118	0.40749	-0.93891
-3.3875	1.217	24.536	56.145	0.33685	-0.92582
-3.3875	1.217	24.536	56.145	0.33685	-0.92582
-3.6575	1.2191	24.677	59.257	0.26247	-0.89303
-3.6575	1.2191	24.677	59.257	0.26247	-0.89303
-3.9331	1.2212	24.803	62.208	0.25959	-0.89836
-3.9331	1.2212	24.803	62.208	0.25959	-0.89836
-4.2161	1.222	24.915	65.097	0.12785	-0.94427
-4.2161	1.222	24.915	65.097	0.12785	-0.94427
-4.5013	1.2235	25.012	68.102	0.15084	-0.92508
-4.5013	1.2235	25.012	68.102	0.15084	-0.92508
-4.7915	1.2245	25.095	71.06	0.10117	-0.84269
-4.7915	1.2245	25.095	71.06	0.10117	-0.84269
-5.0853	1.2256	25.161	74.077	0.096875	-0.86956
-5.0853	1.2256	25.161	74.077	0.096875	-0.86956
-5.3823	1.2262	25.213	76.838	0.02201	-0.89404
-5.3823	1.2262	25.213	76.838	0.02201	-0.89404
-5.6804	1.2269	25.25	79.81	0.00048411	-0.87401
-5.6804	1.2269	25.25	79.81	0.00048411	-0.87401
-5.9806	1.227	25.272	82.758	-0.06956	-0.83739
-5.9806	1.227	25.272	82.758	-0.06956	-0.83739
-6.2815	1.2267	25.276	85.894	-0.14911	-0.82906
-6.2815	1.2267	25.276	85.894	-0.14911	-0.82906
-6.5807	1.2259	25.265	88.952	-0.22968	-0.79358
-6.5807	1.2259	25.265	88.952	-0.22968	-0.79358
-6.8772	1.2252	25.259	89.159	-0.23387	-0.8386
-6.8772	1.2252	25.259	89.159	-0.23387	-0.8386
-7.1734	1.2248	25.253	89.183	-0.20417	-0.86933
-7.1734	1.2248	25.253	89.183	-0.20417	-0.86933
-7.4698	1.2245	25.249	89.179	-0.17406	-0.86549
-7.4698	1.2245	25.249	89.179	-0.17406	-0.86549
-7.7655	1.2243	25.247	89.164	-0.15492	-0.84101
-7.7655	1.2243	25.247	89.164	-0.15492	-0.84101
-8.0606	1.2246	25.244	89.161	-0.11079	-0.86154
-8.0606	1.2246	25.244	89.161	-0.11079	-0.86154
-8.3571	1.2248	25.242	89.128	-0.11451	-0.85901
-8.3571	1.2248	25.242	89.128	-0.11451	-0.85901
-8.653	1.2254	25.241	89.038	-0.060367	-0.89852
-8.653	1.2254	25.241	89.038	-0.060367	-0.89852
-8.9493	1.2258	25.241	89.067	-0.050883	-0.89765
-8.9493	1.2258	25.241	89.067	-0.050883	-0.89765
-9.2463	1.2257	25.24	89.172	-0.11772	-0.89016
-9.2463	1.2257	25.24	89.172	-0.11772	-0.89016
-9.5443	1.2252	25.239	89.262	-0.18487	-0.88301
-9.5443	1.2252	25.239	89.262	-0.18487	-0.88301
-9.8413	1.2248	25.238	89.282	-0.20362	-0.88422
-9.8413	1.2248	25.238	89.282	-0.20362	-0.88422
-10.139	1.2244	25.236	89.244	-0.19309	-0.85606
-10.139	1.2244	25.236	89.244	-0.19309	-0.85606
-10.436	1.2239	25.234	89.197	-0.19188	-0.86426
-10.436	1.2239	25.234	89.197	-0.19188	-0.86426
-10.733	1.2233	25.229	89.499	-0.20506	-0.83565
-10.733	1.2233	25.229	89.499	-0.20506	-0.83565
-11.028	1.2235	25.224	89.493	-0.13788	-0.79867
-11.028	1.2235	25.224	89.493	-0.13788	-0.79867
-11.324	1.2228	25.217	89.614	-0.21515	-0.80691
-11.324	1.2228	25.217	89.614	-0.21515	-0.80691
-11.619	1.2226	25.212	89.451	-0.21174	-0.77808
-11.619	1.2226	25.212	89.451	-0.21174	-0.77808
-11.913	1.2225	25.206	89.436	-0.17215	-0.77859
-11.913	1.2225	25.206	89.436	-0.17215	-0.77859
-12.206	1.2225	25.199	89.395	-0.12615	-0.81977
-12.206	1.2225	25.199	89.395	-0.12615	-0.81977
-12.499	1.2222	25.192	89.367	-0.14252	-0.8068
-12.499	1.2222	25.192	89.367	-0.14252	-0.8068
-12.791	1.2221	25.185	89.332	-0.11784	-0.73273
-12.791	1.2221	25.185	89.332	-0.11784	-0.73273
-13.084	1.2218	25.177	89.282	-0.10387	-0.79797
-13.084	1.2218	25.177	89.282	-0.10387	-0.79797
-13.377	1.2219	25.169	89.27	-0.07064	-0.84913
-13.377	1.2219	25.169	89.27	-0.07064	-0.84913
-13.671	1.2222	25.162	89.182	-0.044694	-0.85898
-13.671	1.2222	25.162	89.182	-0.044694	-0.85898
-13.966	1.2218	25.155	89.078	-0.11208	-0.9117
-13.966	1.2218	25.155	89.078	-0.11208	-0.9117
-14.26	1.2218	25.148	89.079	-0.085585	-0.9626
-14.26	1.2218	25.148	89.079	-0.085585	-0.9626
-14.554	1.2214	25.142	89.196	-0.12416	-0.95861
-14.554	1.2214	25.142	89.196	-0.12416	-0.95861
-14.849	1.2209	25.137	89.234	-0.14008	-0.89163
-14.849	1.2209	25.137	89.234	-0.14008	-0.89163
-15.143	1.2201	25.13	89.408	-0.14712	-0.82527
-15.143	1.2201	25.13	89.408	-0.14712	-0.82527
-15.437	1.2197	25.125	89.422	-0.10793	-0.70637
-15.437	1.2197	25.125	89.422	-0.10793	-0.70637
-15.734	1.2183	25.118	89.413	-0.22894	-0.7151
-15.734	1.2183	25.118	89.413	-0.22894	-0.7151
-16.029	1.2171	25.111	89.564	-0.2573	-0.65544
-16.029	1.2171	25.111	89.564	-0.2573	-0.65544
-16.324	1.216	25.106	89.492	-0.28032	-0.6512
-16.324	1.216	25.106	89.492	-0.28032	-0.6512
-16.618	1.2152	25.123	86.642	-0.21994	-0.6722
-16.618	1.2152	25.123	86.642	-0.21994	-0.6722
-16.91	1.215	25.156	83.828	-0.1192	-0.70922
-16.91	1.215	25.156	83.828	-0.1192	-0.70922
-17.202	1.2149	25.206	80.832	-0.075156	-0.71562
-17.202	1.2149	25.206	80.832	-0.075156	-0.71562
-17.492	1.2154	25.272	77.9	0.013857	-0.6104
-17.492	1.2154	25.272	77.9	0.013857	-0.6104
-17.777	1.2159	25.353	74.741	0.05172	-0.54496
-17.777	1.2159	25.353	74.741	0.05172	-0.54496
-18.059	1.2162	25.447	71.879	0.054056	-0.50187
-18.059	1.2162	25.447	71.879	0.054056	-0.50187
-18.337	1.2168	25.556	68.643	0.058379	-0.54577
-18.337	1.2168	25.556	68.643	0.058379	-0.54577
-18.606	1.218	25.679	65.544	0.17502	-0.52559
-18.606	1.218	25.679	65.544	0.17502	-0.52559
-18.872	1.2187	25.815	62.59	0.15714	-0.56944
-18.872	1.2187	25.815	62.59	0.15714	-0.56944
-19.132	1.2195	25.963	59.643	0.16211	-0.63703
-19.132	1.2195	25.963	59.643	0.16211	-0.63703
-19.384	1.2208	26.128	56.734	0.19825	-0.57388
-19.384	1.2208	26.128	56.734	0.19825	-0.57388
-19.626	1.2222	26.307	53.673	0.22439	-0.53274
-19.626	1.2222	26.307	53.673	0.22439	-0.53274
-19.856	1.2245	26.498	50.631	0.33287	-0.51399
-19.856	1.2245	26.498	50.631	0.33287	-0.51399
-20.076	1.2262	26.703	47.568	0.29524	-0.44378
-20.076	1.2262	26.703	47.568	0.29524	-0.44378
-20.282	1.2282	26.919	44.527	0.34272	-0.39248
-20.282	1.2282	26.919	44.527	0.34272	-0.39248
-20.477	1.2305	27.143	41.507	0.41249	-0.34075
-20.477	1.2305	27.143	41.507	0.41249	-0.34075
-20.661	1.233	27.377	38.529	0.44177	-0.38134
-20.661	1.233	27.377	38.529	0.44177	-0.38134
-20.829	1.2365	27.619	35.555	0.54699	-0.29536
-20.829	1.2365	27.619	35.555	0.54699	-0.29536
-20.988	1.2388	27.871	32.546	0.4524	-0.22001
-20.988	1.2388	27.871	32.546	0.4524	-0.22001
-21.132	1.2408	28.13	29.453	0.40957	-0.19401
-21.132	1.2408	28.13	29.453	0.40957	-0.19401
-21.261	1.2437	28.395	26.506	0.49373	-0.10264
-21.261	1.2437	28.395	26.506	0.49373	-0.10264
-21.379	1.2472	28.664	23.528	0.57995	-0.16076
-21.379	1.2472	28.664	23.528	0.57995	-0.16076
-21.48	1.2504	28.941	20.671	0.54949	-0.10355
-21.48	1.2504	28.941	20.671	0.54949	-0.10355
-21.566	1.2538	29.222	17.518	0.57678	-0.11645
-21.566	1.2538	29.222	17.518	0.57678	-0.11645
-21.637	1.2573	29.508	14.537	0.58915	-0.079014
-21.637	1.2573	29.508	14.537	0.58915	-0.079014
-21.694	1.2607	29.799	11.656	0.54199	0.0015252
-21.694	1.2607	29.799	11.656	0.54199	0.0015252
-21.734	1.2643	30.095	8.5663	0.54383	0.003135
-21.734	1.2643	30.095	8.5663	0.54383	0.003135
-21.758	1.2677	30.394	5.5462	0.53124	0.030785
-21.758	1.2677	30.394	5.5462	0.53124	0.030785
-21.768	1.2714	30.691	2.6635	0.56057	0.003913
-21.768	1.2714	30.691	2.6635	0.56057	0.003913
-21.76	1.2753	30.99	-0.35154	0.59958	0.069366
-21.76	1.2753	30.99	-0.35154	0.59958	0.069366
-21.763	1.2792	31.289	-0.11837	0.62974	0.12091
-21.763	1.2792	31.289	-0.11837	0.62974	0.12091
-21.767	1.2839	31.587	-0.03053	0.71421	0.059291
-21.767	1.2839	31.587	-0.03053	0.71421	0.059291
-21.771	1.2881	31.889	-0.088984	0.69269	-0.036994
-21.771	1.2881	31.889	-0.088984	0.69269	-0.036994
-21.771	1.2925	32.191	-0.17131	0.70608	0.055007
-21.771	1.2925	32.191	-0.17131	0.70608	0.055007
-21.773	1.2976	32.492	-0.057751	0.79493	0.078028
-21.773	1.2976	32.492	-0.057751	0.79493	0.078028
-21.776	1.3019	32.796	0.028716	0.73481	0.071172
-21.776	1.3019	32.796	0.028716	0.73481	0.071172
-21.777	1.3061	33.098	-0.088268	0.72373	0.11457
-21.777	1.3061	33.098	-0.088268	0.72373	0.11457
-21.777	1.3107	33.399	-0.056149	0.76682	0.159
-21.777	1.3107	33.399	-0.056149	0.76682	0.159
-21.778	1.315	33.7	-0.10559	0.73355	0.13377
-21.778	1.315	33.7	-0.10559	0.73355	0.13377
-21.779	1.3188	34.003	-0.059454	0.65897	0.2031
-21.779	1.3188	34.003	-0.059454	0.65897	0.2031
-21.781	1.323	34.302	-0.071714	0.70131	0.20971
-21.781	1.323	34.302	-0.071714	0.70131	0.20971
-21.779	1.3268	34.603	-0.20187	0.67209	0.21129
-21.779	1.3268	34.603	-0.20187	0.67209	0.21129
-21.777	1.3304	34.905	-0.16968	0.62476	0.30155
-21.777	1.3304	34.905	-0.16968	0.62476	0.30155
-21.774	1.3337	35.207	-0.26203	0.59606	0.29285
-21.774	1.3337	35.207	-0.26203	0.59606	0.29285
-21.77	1.3368	35.509	-0.23267	0.54279	0.32813
-21.77	1.3368	35.509	-0.23267	0.54279	0.32813
-21.767	1.3397	35.811	-0.17367	0.46458	0.23588
-21.767	1.3397	35.811	-0.17367	0.46458	0.23588
-21.765	1.3436	36.111	-0.013701	0.56469	0.16015
-21.765	1.3436	36.111	-0.013701	0.56469	0.16015
-21.762	1.3476	36.411	0.036641	0.58987	0.26168
-21.762	1.3476	36.411	0.036641	0.58987	0.26168
-21.759	1.3509	36.713	0.048131	0.50435	0.32938
-21.759	1.3509	36.713	0.048131	0.50435	0.32938
-21.757	1.3543	37.016	0.10114	0.45255	0.33889
-21.757	1.3543	37.016	0.10114	0.45255	0.33889
-21.756	1.3576	37.317	0.022687	0.44416	0.29919
-21.756	1.3576	37.317	0.022687	0.44416	0.29919
-21.756	1.3608	37.619	-0.057759	0.41392	0.25209
-21.756	1.3608	37.619	-0.057759	0.41392	0.25209
-21.755	1.3641	37.92	-0.056355	0.42112	0.27307
-21.755	1.3641	37.92	-0.056355	0.42112	0.27307
-21.752	1.3677	38.22	-0.098637	0.46559	0.29292
-21.752	1.3677	38.22	-0.098637	0.46559	0.29292
-21.75	1.3715	38.52	-0.13782	0.47748	0.3243
-21.75	1.3715	38.52	-0.13782	0.47748	0.3243
-21.75	1.3755	38.818	-0.088585	0.49206	0.35133
-21.75	1.3755	38.818	-0.088585	0.49206	0.35133
-21.75	1.3797	39.116	-0.0087014	0.50477	0.35868
-21.75	1.3797	39.116	-0.0087014	0.50477	0.35868
-21.748	1.3841	39.413	-0.26762	0.52859	0.33542
-21.748	1.3841	39.413	-0.26762	0.52859	0.33542
-21.745	1.3885	39.71	-0.33271	0.54287	0.32366
-21.745	1.3885	39.71	-0.33271	0.54287	0.32366
-21.742	1.3929	40.008	-0.30902	0.55109	0.38721
-21.742	1.3929	40.008	-0.30902	0.55109	0.38721
-21.74	1.3975	40.306	-0.42747	0.57908	0.36619
-21.74	1.3975	40.306	-0.42747	0.57908	0.36619
-21.741	1.4027	40.605	-0.33967	0.65774	0.37621
-21.741	1.4027	40.605	-0.33967	0.65774	0.37621
-21.741	1.4081	40.906	-0.37976	0.69705	0.40331
-21.741	1.4081	40.906	-0.37976	0.69705	0.40331
-21.718	1.4133	41.207	-3.4635	0.67688	0.41248
-21.718	1.4133	41.207	-3.4635	0.67688	0.41248
-21.681	1.4185	41.505	-6.3945	0.68822	0.43654
-21.681	1.4185	41.505	-6.3945	0.68822	0.43654
-21.627	1.4232	41.8	-9.494	0.64306	0.4467
-21.627	1.4232	41.8	-9.494	0.64306	0.4467
-21.554	1.4279	42.091	-12.51	0.61763	0.60436
-21.554	1.4279	42.091	-12.51	0.61763	0.60436
-21.468	1.4326	42.377	-15.539	0.62257	0.63625
-21.468	1.4326	42.377	-15.539	0.62257	0.63625
-21.366	1.4373	42.658	-18.589	0.61581	0.71935
-21.366	1.4373	42.658	-18.589	0.61581	0.71935
-21.25	1.4424	42.932	-21.647	0.6887	0.71409
-21.25	1.4424	42.932	-21.647	0.6887	0.71409
-21.119	1.4472	43.203	-24.521	0.6689	0.75992
-21.119	1.4472	43.203	-24.521	0.6689	0.75992
-20.972	1.4529	43.465	-27.572	0.77114	0.8316
-20.972	1.4529	43.465	-27.572	0.77114	0.8316
-20.811	1.4581	43.721	-30.642	0.77317	0.80602
-20.811	1.4581	43.721	-30.642	0.77317	0.80602
-20.637	1.4635	43.966	-33.67	0.76894	0.83903
-20.637	1.4635	43.966	-33.67	0.76894	0.83903
-20.45	1.4687	44.203	-36.636	0.76789	0.90386
-20.45	1.4687	44.203	-36.636	0.76789	0.90386
-20.25	1.4729	44.429	-39.681	0.63019	0.94455
-20.25	1.4729	44.429	-39.681	0.63019	0.94455
-20.037	1.477	44.642	-42.756	0.58167	1.0287
-20.037	1.477	44.642	-42.756	0.58167	1.0287
-19.812	1.4804	44.845	-45.791	0.48076	1.0811
-19.812	1.4804	44.845	-45.791	0.48076	1.0811
-19.577	1.4838	45.033	-48.743	0.47205	1.1859
-19.577	1.4838	45.033	-48.743	0.47205	1.1859
-19.331	1.4862	45.207	-51.697	0.33696	1.2544
-19.331	1.4862	45.207	-51.697	0.33696	1.2544
-19.076	1.4882	45.369	-54.693	0.22929	1.3119
-19.076	1.4882	45.369	-54.693	0.22929	1.3119
-18.814	1.4898	45.517	-57.638	0.14258	1.301
-18.814	1.4898	45.517	-57.638	0.14258	1.301
-18.544	1.4907	45.649	-60.654	0.031629	1.3965
-18.544	1.4907	45.649	-60.654	0.031629	1.3965
-18.269	1.4912	45.768	-63.667	-0.067592	1.4136
-18.269	1.4912	45.768	-63.667	-0.067592	1.4136
-17.987	1.4913	45.871	-66.735	-0.12605	1.4064
-17.987	1.4913	45.871	-66.735	-0.12605	1.4064
-17.698	1.4906	45.96	-69.656	-0.24256	1.4261
-17.698	1.4906	45.96	-69.656	-0.24256	1.4261
-17.407	1.4898	46.034	-72.663	-0.30632	1.416
-17.407	1.4898	46.034	-72.663	-0.30632	1.416
-17.113	1.4889	46.094	-75.752	-0.35892	1.4342
-17.113	1.4889	46.094	-75.752	-0.35892	1.4342
-16.816	1.487	46.142	-78.696	-0.47424	1.3097
-16.816	1.487	46.142	-78.696	-0.47424	1.3097
-16.517	1.4852	46.173	-81.598	-0.47546	1.318
-16.517	1.4852	46.173	-81.598	-0.47546	1.318
-16.217	1.4838	46.19	-84.556	-0.45801	1.2206
-16.217	1.4838	46.19	-84.556	-0.45801	1.2206
-15.915	1.4821	46.191	-87.555	-0.45576	1.1328
-15.915	1.4821	46.191	-87.555	-0.45576	1.1328
-15.611	1.4794	46.178	-90.472	-0.56168	1.0531
-15.611	1.4794	46.178	-90.472	-0.56168	1.0531
-15.309	1.478	46.169	-90.596	-0.45409	1.035
-15.309	1.478	46.169	-90.596	-0.45409	1.035
-15.005	1.4756	46.159	-90.687	-0.54831	0.9946
-15.005	1.4756	46.159	-90.687	-0.54831	0.9946
-14.702	1.473	46.147	-90.818	-0.57983	0.95918
-14.702	1.473	46.147	-90.818	-0.57983	0.95918
-14.4	1.471	46.135	-90.79	-0.53232	0.96173
-14.4	1.471	46.135	-90.79	-0.53232	0.96173
-14.099	1.4692	46.123	-90.933	-0.51497	0.95227
-14.099	1.4692	46.123	-90.933	-0.51497	0.95227
-13.798	1.4677	46.112	-90.83	-0.47975	0.94666
-13.798	1.4677	46.112	-90.83	-0.47975	0.94666
-13.495	1.4657	46.103	-90.683	-0.52017	0.96483
-13.495	1.4657	46.103	-90.683	-0.52017	0.96483
-13.193	1.4643	46.092	-90.613	-0.44928	0.97434
-13.193	1.4643	46.092	-90.613	-0.44928	0.97434
-12.889	1.4622	46.08	-90.575	-0.50847	1.0163
-12.889	1.4622	46.08	-90.575	-0.50847	1.0163
-12.584	1.4604	46.066	-90.592	-0.50318	1.0068
-12.584	1.4604	46.066	-90.592	-0.50318	1.0068
-12.28	1.4583	46.052	-90.673	-0.5054	0.95873
-12.28	1.4583	46.052	-90.673	-0.5054	0.95873
-11.977	1.4568	46.036	-90.668	-0.44485	0.95511
-11.977	1.4568	46.036	-90.668	-0.44485	0.95511
-11.671	1.454	46.017	-90.867	-0.5623	0.96384
-11.671	1.454	46.017	-90.867	-0.5623	0.96384
-11.367	1.4515	45.998	-90.885	-0.55556	1.0388
-11.367	1.4515	45.998	-90.885	-0.55556	1.0388
-11.062	1.4492	45.979	-90.931	-0.54066	1.0098
-11.062	1.4492	45.979	-90.931	-0.54066	1.0098
-10.755	1.4469	45.96	-90.814	-0.51916	1.0209
-10.755	1.4469	45.96	-90.814	-0.51916	1.0209
-10.447	1.4439	45.941	-90.941	-0.58941	0.99426
-10.447	1.4439	45.941	-90.941	-0.58941	0.99426
-10.139	1.4411	45.922	-90.844	-0.60436	0.97383
-10.139	1.4411	45.922	-90.844	-0.60436	0.97383
-9.8327	1.4383	45.903	-90.913	-0.60992	1.066
-9.8327	1.4383	45.903	-90.913	-0.60992	1.066
-9.5268	1.4358	45.884	-90.906	-0.55342	1.1122
-9.5268	1.4358	45.884	-90.906	-0.55342	1.1122
-9.2187	1.4326	45.869	-90.708	-0.63547	1.0822
-9.2187	1.4326	45.869	-90.708	-0.63547	1.0822
-8.9113	1.4297	45.853	-90.757	-0.65152	1.0212
-8.9113	1.4297	45.853	-90.757	-0.65152	1.0212
-8.6057	1.4272	45.836	-90.784	-0.58408	1.0376
-8.6057	1.4272	45.836	-90.784	-0.58408	1.0376
-8.2981	1.4239	45.82	-90.756	-0.65557	1.0778
-8.2981	1.4239	45.82	-90.756	-0.65557	1.0778
-7.9896	1.4203	45.806	-90.759	-0.70259	1.0992
-7.9896	1.4203	45.806	-90.759	-0.70259	1.0992
-7.6803	1.417	45.791	-90.672	-0.68794	1.12
-7.6803	1.417	45.791	-90.672	-0.68794	1.12
-7.367	1.4129	45.777	-90.647	-0.79893	1.1405
-7.367	1.4129	45.777	-90.647	-0.79893	1.1405
-7.0557	1.4094	45.763	-90.805	-0.77258	1.1666
-7.0557	1.4094	45.763	-90.805	-0.77258	1.1666
-6.7441	1.4059	45.747	-90.784	-0.73509	1.2483
-6.7441	1.4059	45.747	-90.784	-0.73509	1.2483
-6.431	1.4022	45.731	-91.036	-0.75585	1.2867
-6.431	1.4022	45.731	-91.036	-0.75585	1.2867
-6.1149	1.3979	45.715	-91.087	-0.82952	1.3445
-6.1149	1.3979	45.715	-91.087	-0.82952	1.3445
-5.7987	1.3937	45.699	-91.178	-0.85457	1.3324
-5.7987	1.3937	45.699	-91.178	-0.85457	1.3324
-5.4831	1.3893	45.678	-91.307	-0.87423	1.4157
-5.4831	1.3893	45.678	-91.307	-0.87423	1.4157
-5.168	1.3862	45.684	-88.331	-0.72539	1.3921
-5.168	1.3862	45.684	-88.331	-0.72539	1.3921
-4.8513	1.383	45.706	-85.207	-0.69333	1.4163
-4.8513	1.383	45.706	-85.207	-0.69333	1.4163
-4.5377	1.3803	45.746	-82.108	-0.6281	1.38
-4.5377	1.3803	45.746	-82.108	-0.6281	1.38
-4.2293	1.3783	45.803	-78.979	-0.51207	1.4051
-4.2293	1.3783	45.803	-78.979	-0.51207	1.4051
-3.9249	1.3769	45.875	-75.976	-0.38663	1.4562
-3.9249	1.3769	45.875	-75.976	-0.38663	1.4562
-3.6233	1.3755	45.963	-72.986	-0.34372	1.4361
-3.6233	1.3755	45.963	-72.986	-0.34372	1.4361
-3.3269	1.3747	46.068	-69.931	-0.25868	1.4485
-3.3269	1.3747	46.068	-69.931	-0.25868	1.4485
-3.0378	1.3745	46.187	-66.989	-0.13892	1.3778
-3.0378	1.3745	46.187	-66.989	-0.13892	1.3778
-2.7535	1.3745	46.319	-64.099	-0.04434	1.4241
-2.7535	1.3745	46.319	-64.099	-0.04434	1.4241
-2.4772	1.3749	46.468	-61.073	0.0059306	1.3904
-2.4772	1.3749	46.468	-61.073	0.0059306	1.3904
-2.2083	1.3758	46.63	-58.059	0.099163	1.4444
-2.2083	1.3758	46.63	-58.059	0.099163	1.4444
-1.9472	1.3777	46.802	-55.223	0.25917	1.5089
-1.9472	1.3777	46.802	-55.223	0.25917	1.5089
-1.6951	1.3796	46.993	-52.163	0.324	1.4317
-1.6951	1.3796	46.993	-52.163	0.324	1.4317
-1.4519	1.3829	47.194	-49.188	0.49527	1.439
-1.4519	1.3829	47.194	-49.188	0.49527	1.439
-1.2199	1.387	47.411	-46.096	0.62931	1.2969
-1.2199	1.387	47.411	-46.096	0.62931	1.2969
-0.99982	1.3919	47.637	-43.045	0.78925	1.2326
-0.99982	1.3919	47.637	-43.045	0.78925	1.2326
-0.78943	1.3969	47.875	-40.162	0.87141	1.2566
-0.78943	1.3969	47.875	-40.162	0.87141	1.2566
-0.59273	1.4019	48.125	-37.221	0.90267	1.1468
-0.59273	1.4019	48.125	-37.221	0.90267	1.1468
-0.40924	1.4077	48.384	-34.246	1.0055	1.1488
-0.40924	1.4077	48.384	-34.246	1.0055	1.1488
-0.24118	1.4137	48.652	-31.251	1.0767	1.086
-0.24118	1.4137	48.652	-31.251	1.0767	1.086
-0.087553	1.4196	48.93	-28.244	1.0923	1.0026
-0.087553	1.4196	48.93	-28.244	1.0923	1.0026
0.051098	1.4253	49.214	-25.262	1.0371	0.92728
0.051098	1.4253	49.214	-25.262	1.0371	0.92728
0.17567	1.4313	49.505	-22.251	1.0767	0.88755
0.17567	1.4313	49.505	-22.251	1.0767	0.88755
0.28622	1.4372	49.803	-19.275	1.073	0.89019
0.28622	1.4372	49.803	-19.275	1.073	0.89019
0.38149	1.4441	50.104	-16.464	1.2005	0.81941
0.38149	1.4441	50.104	-16.464	1.2005	0.81941
0.46086	1.4518	50.409	-13.516	1.3198	0.75531
0.46086	1.4518	50.409	-13.516	1.3198	0.75531
0.52382	1.4596	50.72	-10.619	1.3676	0.64505
0.52382	1.4596	50.72	-10.619	1.3676	0.64505
0.57082	1.4682	51.032	-7.5336	1.4818	0.54174
0.57082	1.4682	51.032	-7.5336	1.4818	0.54174
0.60306	1.4766	51.348	-4.5351	1.519	0.43848
0.60306	1.4766	51.348	-4.5351	1.519	0.43848
0.6193	1.4848	51.665	-1.5687	1.4942	0.35469
0.6193	1.4848	51.665	-1.5687	1.4942	0.35469
0.64285	1.4934	51.98	-1.4992	1.5173	0.37379
0.64285	1.4934	51.98	-1.4992	1.5173	0.37379
0.66572	1.5019	52.297	-1.2905	1.5196	0.39656
0.66572	1.5019	52.297	-1.2905	1.5196	0.39656
0.68918	1.5104	52.614	-1.3586	1.5099	0.43766
0.68918	1.5104	52.614	-1.3586	1.5099	0.43766
0.71214	1.5187	52.932	-1.4527	1.4846	0.39242
0.71214	1.5187	52.932	-1.4527	1.4846	0.39242
0.73884	1.5261	53.252	-1.6652	1.3749	0.46697
0.73884	1.5261	53.252	-1.6652	1.3749	0.46697
0.76329	1.5338	53.571	-1.8173	1.3574	0.35792
0.76329	1.5338	53.571	-1.8173	1.3574	0.35792
0.78764	1.5414	53.89	-1.7371	1.3369	0.28804
0.78764	1.5414	53.89	-1.7371	1.3369	0.28804
0.81153	1.5489	54.209	-1.6446	1.3299	0.20648
0.81153	1.5489	54.209	-1.6446	1.3299	0.20648
0.835	1.5565	54.528	-1.6603	1.3468	0.18228
0.835	1.5565	54.528	-1.6603	1.3468	0.18228
0.8578	1.5636	54.848	-1.608	1.2805	0.14206
0.8578	1.5636	54.848	-1.608	1.2805	0.14206
0.88324	1.5705	55.168	-1.4633	1.2476	0.28716
0.88324	1.5705	55.168	-1.4633	1.2476	0.28716
0.90745	1.5779	55.488	-1.3585	1.2792	0.29626
0.90745	1.5779	55.488	-1.3585	1.2792	0.29626
0.9306	1.5855	55.808	-1.3019	1.3108	0.23309
0.9306	1.5855	55.808	-1.3019	1.3108	0.23309
0.95357	1.5936	56.127	-1.2742	1.3549	0.19552
0.95357	1.5936	56.127	-1.2742	1.3549	0.19552
0.97803	1.6017	56.448	-1.2373	1.3581	0.22913
0.97803	1.6017	56.448	-1.2373	1.3581	0.22913
1.0014	1.6093	56.768	-1.3044	1.347	0.19241
1.0014	1.6093	56.768	-1.3044	1.347	0.19241
1.0282	1.6169	57.089	-1.4071	1.3325	0.30553
1.0282	1.6169	57.089	-1.4071	1.3325	0.30553
1.0532	1.6244	57.409	-1.4369	1.3289	0.27072
1.0532	1.6244	57.409	-1.4369	1.3289	0.27072
1.0792	1.6317	57.73	-1.5468	1.285	0.23651
1.0792	1.6317	57.73	-1.5468	1.285	0.23651
1.1057	1.6389	58.052	-1.584	1.2877	0.22153
1.1057	1.6389	58.052	-1.584	1.2877	0.22153
1.1329	1.6457	58.373	-1.5838	1.2634	0.15284
1.1329	1.6457	58.373	-1.5838	1.2634	0.15284
1.1602	1.6527	58.693	-1.5604	1.2788	0.077683
1.1602	1.6527	58.693	-1.5604	1.2788	0.077683
1.188	1.6597	59.014	-1.3392	1.3086	0.15396
1.188	1.6597	59.014	-1.3392	1.3086	0.15396
1.2143	1.6677	59.334	-1.4205	1.4112	0.083783
1.2143	1.6677	59.334	-1.4205	1.4112	0.083783
1.2416	1.676	59.654	-1.4156	1.4704	0.015671
1.2416	1.676	59.654	-1.4156	1.4704	0.015671
1.2698	1.6846	59.973	-1.3964	1.5312	-0.00079967
1.2698	1.6846	59.973	-1.3964	1.5312	-0.00079967
1.2982	1.6928	60.292	-1.4625	1.4874	-0.071767
1.2982	1.6928	60.292	-1.4625	1.4874	-0.071767
1.3281	1.7007	60.612	-1.3065	1.4201	-0.017142
1.3281	1.7007	60.612	-1.3065	1.4201	-0.017142
1.3597	1.709	60.931	-1.511	1.4454	-0.044471
1.3597	1.709	60.931	-1.511	1.4454	-0.044471
1.3876	1.7169	61.251	-1.5352	1.4247	-0.10369
1.3876	1.7169	61.251	-1.5352	1.4247	-0.10369
1.4155	1.7252	61.57	-1.4098	1.4749	-0.13493
1.4155	1.7252	61.57	-1.4098	1.4749	-0.13493
1.4431	1.734	61.889	-1.1878	1.5341	-0.11837
1.4431	1.734	61.889	-1.1878	1.5341	-0.11837
1.469	1.7415	62.211	-1.112	1.4161	-0.11886
1.469	1.7415	62.211	-1.112	1.4161	-0.11886
1.4739	1.749	62.532	1.7388	1.3708	-0.11035
1.4739	1.749	62.532	1.7388	1.3708	-0.11035
1.4629	1.7558	62.854	4.8041	1.3053	-0.046636
1.4629	1.7558	62.854	4.8041	1.3053	-0.046636
1.4366	1.763	63.175	7.7559	1.3196	-0.058426
1.4366	1.763	63.175	7.7559	1.3196	-0.058426
1.3946	1.7699	63.494	10.738	1.3038	-0.12181
1.3946	1.7699	63.494	10.738	1.3038	-0.12181
1.3332	1.7768	63.809	13.777	1.2971	-0.309
1.3332	1.7768	63.809	13.777	1.2971	-0.309
1.2564	1.7832	64.122	16.847	1.2294	-0.3534
1.2564	1.7832	64.122	16.847	1.2294	-0.3534
1.1622	1.7895	64.429	19.823	1.2159	-0.45794
1.1622	1.7895	64.429	19.823	1.2159	-0.45794
1.0512	1.796	64.73	23.016	1.2239	-0.53418
1.0512	1.796	64.73	23.016	1.2239	-0.53418
0.92651	1.8029	65.024	25.963	1.2672	-0.53753
0.92651	1.8029	65.024	25.963	1.2672	-0.53753
0.78415	1.8093	65.313	29.033	1.2079	-0.61485
0.78415	1.8093	65.313	29.033	1.2079	-0.61485
0.62477	1.8151	65.593	31.99	1.158	-0.69851
0.62477	1.8151	65.593	31.99	1.158	-0.69851
0.45038	1.8214	65.863	35.111	1.2193	-0.79212
0.45038	1.8214	65.863	35.111	1.2193	-0.79212
0.26077	1.8274	66.126	38.088	1.1536	-0.88094
0.26077	1.8274	66.126	38.088	1.1536	-0.88094
0.055672	1.8328	66.378	41.156	1.0471	-0.92436
0.055672	1.8328	66.378	41.156	1.0471	-0.92436
-0.16181	1.8381	66.618	44.259	0.99772	-0.89468
-0.16181	1.8381	66.618	44.259	0.99772	-0.89468
-0.39486	1.8427	66.845	47.364	0.90108	-0.95528
-0.39486	1.8427	66.845	47.364	0.90108	-0.95528
-0.63855	1.848	67.058	50.297	0.93439	-1.0332
-0.63855	1.848	67.058	50.297	0.93439	-1.0332
-0.89149	1.854	67.258	53.233	1.026	-1.0218
-0.89149	1.854	67.258	53.233	1.026	-1.0218
-1.1577	1.8596	67.445	56.152	0.9676	-1.1393
-1.1577	1.8596	67.445	56.152	0.9676	-1.1393
-1.4319	1.8646	67.62	59.145	0.91735	-1.0966
-1.4319	1.8646	67.62	59.145	0.91735	-1.0966
-1.7172	1.869	67.78	62.278	0.82562	-1.0928
-1.7172	1.869	67.78	62.278	0.82562	-1.0928
-2.01	1.8733	67.923	65.476	0.80146	-1.1465
-2.01	1.8733	67.923	65.476	0.80146	-1.1465
-2.3081	1.8774	68.054	68.293	0.76934	-1.1252
-2.3081	1.8774	68.054	68.293	0.76934	-1.1252
-2.6132	1.881	68.167	71.238	0.71364	-1.2438
-2.6132	1.881	68.167	71.238	0.71364	-1.2438
-2.923	1.8842	68.267	74.225	0.65244	-1.2497
-2.923	1.8842	68.267	74.225	0.65244	-1.2497
-3.2397	1.8865	68.349	77.264	0.47376	-1.3164
-3.2397	1.8865	68.349	77.264	0.47376	-1.3164
-3.5584	1.8886	68.417	80.259	0.40218	-1.332
-3.5584	1.8886	68.417	80.259	0.40218	-1.332
-3.8822	1.8896	68.468	83.186	0.24273	-1.4285
-3.8822	1.8896	68.468	83.186	0.24273	-1.4285
-4.2078	1.8908	68.502	86.267	0.1905	-1.4991
-4.2078	1.8908	68.502	86.267	0.1905	-1.4991
-4.5364	1.8915	68.52	89.383	0.081164	-1.4467
-4.5364	1.8915	68.52	89.383	0.081164	-1.4467
-4.8656	1.8929	68.545	89.391	0.11636	-1.4695
-4.8656	1.8929	68.545	89.391	0.11636	-1.4695
-5.1948	1.8942	68.572	89.304	0.12253	-1.4693
-5.1948	1.8942	68.572	89.304	0.12253	-1.4693
-5.5236	1.895	68.602	89.149	0.099528	-1.4227
-5.5236	1.895	68.602	89.149	0.099528	-1.4227
-5.854	1.8954	68.63	89.093	-0.0017977	-1.4365
-5.854	1.8954	68.63	89.093	-0.0017977	-1.4365
-6.1818	1.8963	68.658	89.171	0.050341	-1.4441
-6.1818	1.8963	68.658	89.171	0.050341	-1.4441
-6.5123	1.8969	68.687	89.223	0.017681	-1.4167
-6.5123	1.8969	68.687	89.223	0.017681	-1.4167
-6.8425	1.8975	68.717	89.143	0.025765	-1.3778
-6.8425	1.8975	68.717	89.143	0.025765	-1.3778
-7.1729	1.8984	68.744	89.254	0.06311	-1.3976
-7.1729	1.8984	68.744	89.254	0.06311	-1.3976
-7.5045	1.899	68.773	89.162	0.037138	-1.3969
-7.5045	1.899	68.773	89.162	0.037138	-1.3969
-7.835	1.8996	68.802	89.222	0.033361	-1.3066
-7.835	1.8996	68.802	89.222	0.033361	-1.3066
-8.1685	1.8993	68.828	89.358	-0.069212	-1.2865
-8.1685	1.8993	68.828	89.358	-0.069212	-1.2865
-8.5009	1.8991	68.852	89.388	-0.078193	-1.2634
-8.5009	1.8991	68.852	89.388	-0.078193	-1.2634
-8.8326	1.8989	68.876	89.461	-0.066637	-1.2419
-8.8326	1.8989	68.876	89.461	-0.066637	-1.2419
-9.1631	1.8991	68.903	89.261	-0.020835	-1.2136
-9.1631	1.8991	68.903	89.261	-0.020835	-1.2136
-9.4944	1.8987	68.93	89.278	-0.085565	-1.1963
-9.4944	1.8987	68.93	89.278	-0.085565	-1.1963
-9.8249	1.8981	68.956	89.229	-0.13587	-1.2397
-9.8249	1.8981	68.956	89.229	-0.13587	-1.2397
-10.154	1.8979	68.983	89.326	-0.11777	-1.2498
-10.154	1.8979	68.983	89.326	-0.11777	-1.2498
-10.484	1.898	69.011	89.222	-0.086677	-1.2719
-10.484	1.898	69.011	89.222	-0.086677	-1.2719
-10.815	1.8981	69.038	89.291	-0.050693	-1.3303
-10.815	1.8981	69.038	89.291	-0.050693	-1.3303
-11.145	1.8986	69.068	89.167	-0.0071544	-1.2744
-11.145	1.8986	69.068	89.167	-0.0071544	-1.2744
-11.473	1.8991	69.1	89.047	-0.0049373	-1.221
-11.473	1.8991	69.1	89.047	-0.0049373	-1.221
-11.799	1.9	69.131	88.913	0.053359	-1.2437
-11.799	1.9	69.131	88.913	0.053359	-1.2437
-12.126	1.9012	69.162	88.996	0.10448	-1.2834
-12.126	1.9012	69.162	88.996	0.10448	-1.2834
-12.455	1.9014	69.192	88.996	0.025215	-1.3304
-12.455	1.9014	69.192	88.996	0.025215	-1.3304
-12.782	1.9018	69.225	88.77	0.041769	-1.2832
-12.782	1.9018	69.225	88.77	0.041769	-1.2832
-13.107	1.902	69.254	88.741	0.010252	-1.2876
-13.107	1.902	69.254	88.741	0.010252	-1.2876
-13.434	1.9019	69.284	88.735	-0.01069	-1.2943
-13.434	1.9019	69.284	88.735	-0.01069	-1.2943
-13.76	1.9023	69.315	88.665	0.016614	-1.3755
-13.76	1.9023	69.315	88.665	0.016614	-1.3755
-14.086	1.9023	69.347	88.654	0.010842	-1.4121
-14.086	1.9023	69.347	88.654	0.010842	-1.4121
-14.411	1.9028	69.379	88.533	0.062941	-1.4647
-14.411	1.9028	69.379	88.533	0.062941	-1.4647
-14.738	1.903	69.413	88.454	0.021698	-1.468
-14.738	1.903	69.413	88.454	0.021698	-1.468
-15.063	1.9035	69.448	88.307	0.053006	-1.4122
-15.063	1.9035	69.448	88.307	0.053006	-1.4122
-15.39	1.9037	69.482	88.339	0.030371	-1.4353
-15.39	1.9037	69.482	88.339	0.030371	-1.4353
-15.718	1.903	69.491	91.31	-0.10184	-1.4313
-15.718	1.903	69.491	91.31	-0.10184	-1.4313
-16.046	1.9014	69.482	94.394	-0.22985	-1.4073
-16.046	1.9014	69.482	94.394	-0.22985	-1.4073
-16.372	1.8996	69.456	97.404	-0.29516	-1.3817
-16.372	1.8996	69.456	97.404	-0.29516	-1.3817
-16.696	1.8974	69.414	100.37	-0.36326	-1.3523
-16.696	1.8974	69.414	100.37	-0.36326	-1.3523
-17.017	1.8946	69.353	103.33	-0.43379	-1.408
-17.017	1.8946	69.353	103.33	-0.43379	-1.408
-17.334	1.8922	69.28	106.24	-0.4086	-1.4003
-17.334	1.8922	69.28	106.24	-0.4086	-1.4003
-17.649	1.889	69.191	109.28	-0.48837	-1.3677
-17.649	1.889	69.191	109.28	-0.48837	-1.3677
-17.959	1.8854	69.085	112.24	-0.57208	-1.3652
-17.959	1.8854	69.085	112.24	-0.57208	-1.3652
-18.264	1.8816	68.963	115.11	-0.62014	-1.3587
-18.264	1.8816	68.963	115.11	-0.62014	-1.3587
-18.56	1.8774	68.825	118.09	-0.68696	-1.4453
-18.56	1.8774	68.825	118.09	-0.68696	-1.4453
-18.85	1.872	68.671	121.13	-0.86555	-1.4454
-18.85	1.872	68.671	121.13	-0.86555	-1.4454
-19.13	1.8661	68.503	124.36	-0.97954	-1.3494
-19.13	1.8661	68.503	124.36	-0.97954	-1.3494
-19.401	1.8593	68.319	127.39	-1.1343	-1.3973
-19.401	1.8593	68.319	127.39	-1.1343	-1.3973
-19.665	1.8518	68.123	130.36	-1.2526	-1.2198
-19.665	1.8518	68.123	130.36	-1.2526	-1.2198
-19.916	1.8431	67.912	133.32	-1.4214	-1.1864
-19.916	1.8431	67.912	133.32	-1.4214	-1.1864
-20.156	1.8341	67.688	136.5	-1.4729	-1.0604
-20.156	1.8341	67.688	136.5	-1.4729	-1.0604
-20.383	1.825	67.45	139.4	-1.5318	-1.0737
-20.383	1.825	67.45	139.4	-1.5318	-1.0737
-20.597	1.8158	67.202	142.54	-1.5542	-0.96623
-20.597	1.8158	67.202	142.54	-1.5542	-0.96623
-20.799	1.8062	66.942	145.6	-1.6087	-0.84335
-20.799	1.8062	66.942	145.6	-1.6087	-0.84335
-20.988	1.7968	66.672	148.61	-1.5888	-0.7596
-20.988	1.7968	66.672	148.61	-1.5888	-0.7596
-21.163	1.787	66.39	151.72	-1.6425	-0.57415
-21.163	1.787	66.39	151.72	-1.6425	-0.57415
-21.321	1.7775	66.1	154.85	-1.6002	-0.47956
-21.321	1.7775	66.1	154.85	-1.6002	-0.47956
-21.463	1.7684	65.802	157.8	-1.526	-0.41226
-21.463	1.7684	65.802	157.8	-1.526	-0.41226
-21.59	1.7594	65.497	160.76	-1.5073	-0.31473
-21.59	1.7594	65.497	160.76	-1.5073	-0.31473
-21.702	1.7503	65.187	163.56	-1.4823	-0.1713
-21.702	1.7503	65.187	163.56	-1.4823	-0.1713
-21.793	1.7408	64.868	166.76	-1.5421	-0.095109
-21.793	1.7408	64.868	166.76	-1.5421	-0.095109
-21.867	1.731	64.547	169.75	-1.5529	-0.060055
-21.867	1.731	64.547	169.75	-1.5529	-0.060055
-21.924	1.7216	64.223	172.72	-1.5197	0.020108
-21.924	1.7216	64.223	172.72	-1.5197	0.020108
-21.965	1.712	63.897	175.87	-1.52	0.099636
-21.965	1.712	63.897	175.87	-1.52	0.099636
-21.988	1.7024	63.569	178.95	-1.5527	0.16431
-21.988	1.7024	63.569	178.95	-1.5527	0.16431
-22.02	1.6923	63.242	178.99	-1.5843	0.14146
-22.02	1.6923	63.242	178.99	-1.5843	0.14146
-22.053	1.6818	62.915	178.93	-1.6443	0.1342
-22.053	1.6818	62.915	178.93	-1.6443	0.1342
-22.086	1.6712	62.588	178.95	-1.6482	0.16888
-22.086	1.6712	62.588	178.95	-1.6482	0.16888
-22.118	1.6604	62.261	178.77	-1.6956	0.10068
-22.118	1.6604	62.261	178.77	-1.6956	0.10068
-22.149	1.6502	61.936	178.84	-1.6636	0.077183
-22.149	1.6502	61.936	178.84	-1.6636	0.077183
-22.183	1.64	61.612	178.71	-1.6478	0.096819
-22.183	1.64	61.612	178.71	-1.6478	0.096819
-22.217	1.6299	61.287	178.6	-1.6469	0.083897
-22.217	1.6299	61.287	178.6	-1.6469	0.083897
-22.251	1.6192	60.963	178.57	-1.6937	0.078966
-22.251	1.6192	60.963	178.57	-1.6937	0.078966
-22.287	1.6088	60.639	178.56	-1.6752	0.039819
-22.287	1.6088	60.639	178.56	-1.6752	0.039819
-22.322	1.5983	60.315	178.52	-1.7145	0.013428
-22.322	1.5983	60.315	178.52	-1.7145	0.013428
-22.357	1.588	59.991	178.51	-1.7025	-0.021855
-22.357	1.588	59.991	178.51	-1.7025	-0.021855
-22.393	1.5773	59.667	178.61	-1.7507	0.0039935
-22.393	1.5773	59.667	178.61	-1.7507	0.0039935
-22.429	1.5667	59.344	178.57	-1.7567	-0.0053837
-22.429	1.5667	59.344	178.57	-1.7567	-0.0053837
-22.464	1.5565	59.022	178.58	-1.6988	-0.014396
-22.464	1.5565	59.022	178.58	-1.6988	-0.014396
-22.498	1.5462	58.7	178.59	-1.6939	0.021296
-22.498	1.5462	58.7	178.59	-1.6939	0.021296
-22.531	1.5355	58.375	178.62	-1.7279	-0.031296
-22.531	1.5355	58.375	178.62	-1.7279	-0.031296
-22.564	1.5245	58.051	178.63	-1.7861	-0.055393
-22.564	1.5245	58.051	178.63	-1.7861	-0.055393
-22.596	1.5138	57.727	178.42	-1.7668	-0.11205
-22.596	1.5138	57.727	178.42	-1.7668	-0.11205
-22.629	1.503	57.402	178.34	-1.7811	-0.11164
-22.629	1.503	57.402	178.34	-1.7811	-0.11164
-22.663	1.4925	57.079	178.3	-1.755	-0.039378
-22.663	1.4925	57.079	178.3	-1.755	-0.039378
-22.697	1.4819	56.754	178.41	-1.7514	0.044866
-22.697	1.4819	56.754	178.41	-1.7514	0.044866
-22.731	1.4716	56.431	178.36	-1.7243	0.04205
-22.731	1.4716	56.431	178.36	-1.7243	0.04205
-22.764	1.4616	56.108	178.51	-1.6772	0.13612
-22.764	1.4616	56.108	178.51	-1.6772	0.13612
-22.795	1.4521	55.786	178.53	-1.6261	0.079353
-22.795	1.4521	55.786	178.53	-1.6261	0.079353
-22.825	1.4422	55.463	178.53	-1.6463	0.017835
-22.825	1.4422	55.463	178.53	-1.6463	0.017835
-22.856	1.4327	55.14	178.57	-1.6387	-0.013321
-22.856	1.4327	55.14	178.57	-1.6387	-0.013321
-22.886	1.4227	54.816	178.68	-1.6556	-0.011394
-22.886	1.4227	54.816	178.68	-1.6556	-0.011394
-22.916	1.413	54.492	178.67	-1.655	-0.030653
-22.916	1.413	54.492	178.67	-1.655	-0.030653
-22.947	1.4039	54.168	178.74	-1.5909	-0.023052
-22.947	1.4039	54.168	178.74	-1.5909	-0.023052
-22.978	1.3943	53.843	178.79	-1.6522	-0.014203
-22.978	1.3943	53.843	178.79	-1.6522	-0.014203
-23.01	1.3851	53.517	178.68	-1.6214	0.030071
-23.01	1.3851	53.517	178.68	-1.6214	0.030071
-23.044	1.3761	53.192	178.51	-1.5944	0.036165
-23.044	1.3761	53.192	178.51	-1.5944	0.036165
-23.077	1.3677	52.867	178.38	-1.4695	0.015992
-23.077	1.3677	52.867	178.38	-1.4695	0.015992
-23.135	1.3589	52.543	175.33	-1.4415	0.046496
-23.135	1.3589	52.543	175.33	-1.4415	0.046496
-23.206	1.3499	52.222	172.56	-1.4569	-0.098475
-23.206	1.3499	52.222	172.56	-1.4569	-0.098475
-23.296	1.3404	51.905	169.64	-1.4965	-0.090493
-23.296	1.3404	51.905	169.64	-1.4965	-0.090493
-23.4	1.3312	51.593	166.63	-1.4642	-0.18792
-23.4	1.3312	51.593	166.63	-1.4642	-0.18792
-23.523	1.3218	51.288	163.57	-1.513	-0.19324
-23.523	1.3218	51.288	163.57	-1.513	-0.19324
-23.658	1.3122	50.987	160.66	-1.5346	-0.32431
-23.658	1.3122	50.987	160.66	-1.5346	-0.32431
-23.809	1.3026	50.693	157.71	-1.586	-0.43051
-23.809	1.3026	50.693	157.71	-1.586	-0.43051
-23.975	1.2931	50.407	154.83	-1.5937	-0.51518
-23.975	1.2931	50.407	154.83	-1.5937	-0.51518
-24.154	1.284	50.132	151.84	-1.5615	-0.59469
-24.154	1.284	50.132	151.84	-1.5615	-0.59469
-24.347	1.2749	49.866	148.92	-1.5339	-0.60096
-24.347	1.2749	49.866	148.92	-1.5339	-0.60096
-24.552	1.2658	49.609	145.93	-1.5315	-0.68572
-24.552	1.2658	49.609	145.93	-1.5315	-0.68572
-24.77	1.2572	49.366	142.85	-1.4873	-0.7211
-24.77	1.2572	49.366	142.85	-1.4873	-0.7211
-24.999	1.2492	49.133	139.97	-1.409	-0.77743
-24.999	1.2492	49.133	139.97	-1.409	-0.77743
-25.238	1.2419	48.912	137.11	-1.2901	-0.87404
-25.238	1.2419	48.912	137.11	-1.2901	-0.87404
-25.492	1.2349	48.705	134	-1.1966	-0.89963
-25.492	1.2349	48.705	134	-1.1966	-0.89963
-25.754	1.2285	48.511	130.99	-1.0987	-1.027
-25.754	1.2285	48.511	130.99	-1.0987	-1.027
-26.025	1.2229	48.331	128.16	-0.96026	-1.1078
-26.025	1.2229	48.331	128.16	-0.96026	-1.1078
-26.307	1.2174	48.165	125.17	-0.91933	-1.1929
-26.307	1.2174	48.165	125.17	-0.91933	-1.1929
-26.596	1.2127	48.016	122.05	-0.79012	-1.2495
-26.596	1.2127	48.016	122.05	-0.79012	-1.2495
-26.895	1.2077	47.883	118.98	-0.81275	-1.2737
-26.895	1.2077	47.883	118.98	-0.81275	-1.2737
-27.198	1.2028	47.764	116.05	-0.76484	-1.3983
-27.198	1.2028	47.764	116.05	-0.76484	-1.3983
-27.507	1.1992	47.665	113.21	-0.61234	-1.3872
-27.507	1.1992	47.665	113.21	-0.61234	-1.3872
-27.823	1.1949	47.58	110.12	-0.65163	-1.3535
-27.823	1.1949	47.58	110.12	-0.65163	-1.3535
-28.146	1.1906	47.514	107.14	-0.63422	-1.3333
-28.146	1.1906	47.514	107.14	-0.63422	-1.3333
-28.471	1.1868	47.464	104.17	-0.53843	-1.3963
-28.471	1.1868	47.464	104.17	-0.53843	-1.3963
-28.799	1.1837	47.433	101.2	-0.46234	-1.3692
-28.799	1.1837	47.433	101.2	-0.46234	-1.3692
-29.129	1.1809	47.42	98.265	-0.39989	-1.3851
-29.129	1.1809	47.42	98.265	-0.39989	-1.3851
-29.459	1.1781	47.424	95.278	-0.35961	-1.3893
-29.459	1.1781	47.424	95.278	-0.35961	-1.3893
-29.788	1.1754	47.444	92.166	-0.34097	-1.4355
-29.788	1.1754	47.444	92.166	-0.34097	-1.4355
-30.116	1.1728	47.483	89.034	-0.29949	-1.4934
-30.116	1.1728	47.483	89.034	-0.29949	-1.4934
-30.442	1.1704	47.52	88.706	-0.26808	-1.4484
-30.442	1.1704	47.52	88.706	-0.26808	-1.4484
-30.769	1.1678	47.556	88.756	-0.29814	-1.4541
-30.769	1.1678	47.556	88.756	-0.29814	-1.4541
-31.098	1.1645	47.592	88.871	-0.38067	-1.4021
-31.098	1.1645	47.592	88.871	-0.38067	-1.4021
-31.426	1.1616	47.627	88.973	-0.35251	-1.4843
-31.426	1.1616	47.627	88.973	-0.35251	-1.4843
-31.755	1.1583	47.663	89.074	-0.40442	-1.479
-31.755	1.1583	47.663	89.074	-0.40442	-1.479
-32.084	1.1552	47.7	89.122	-0.40218	-1.4598
-32.084	1.1552	47.7	89.122	-0.40218	-1.4598
-32.414	1.1523	47.734	89.296	-0.37815	-1.5044
-32.414	1.1523	47.734	89.296	-0.37815	-1.5044
-32.741	1.1505	47.773	89.192	-0.25852	-1.4204
-32.741	1.1505	47.773	89.192	-0.25852	-1.4204
-33.068	1.149	47.813	89.129	-0.16468	-1.3436
-33.068	1.149	47.813	89.129	-0.16468	-1.3436
-33.396	1.1472	47.85	89.238	-0.16017	-1.3878
-33.396	1.1472	47.85	89.238	-0.16017	-1.3878
-33.725	1.1448	47.888	89.062	-0.23072	-1.4224
-33.725	1.1448	47.888	89.062	-0.23072	-1.4224
-34.051	1.1429	47.926	89.189	-0.20571	-1.3615
-34.051	1.1429	47.926	89.189	-0.20571	-1.3615
-34.379	1.1402	47.96	89.357	-0.29624	-1.4533
-34.379	1.1402	47.96	89.357	-0.29624	-1.4533
-34.708	1.1374	47.995	89.331	-0.3452	-1.475
-34.708	1.1374	47.995	89.331	-0.3452	-1.475
-35.037	1.1346	48.03	89.286	-0.38574	-1.4624
-35.037	1.1346	48.03	89.286	-0.38574	-1.4624
-35.364	1.1321	48.068	89.113	-0.35431	-1.4301
-35.364	1.1321	48.068	89.113	-0.35431	-1.4301
-35.692	1.129	48.105	89.184	-0.39297	-1.3262
-35.692	1.129	48.105	89.184	-0.39297	-1.3262
-36.017	1.1259	48.14	89.081	-0.44055	-1.3985
-36.017	1.1259	48.14	89.081	-0.44055	-1.3985
-36.343	1.1228	48.176	89.084	-0.45069	-1.3948
-36.343	1.1228	48.176	89.084	-0.45069	-1.3948
-36.668	1.12	48.214	88.884	-0.42161	-1.4631
-36.668	1.12	48.214	88.884	-0.42161	-1.4631
-36.995	1.1168	48.256	88.754	-0.46087	-1.3953
-36.995	1.1168	48.256	88.754	-0.46087	-1.3953
-37.32	1.1138	48.299	88.678	-0.44582	-1.3015
-37.32	1.1138	48.299	88.678	-0.44582	-1.3015
-37.645	1.1107	48.341	88.587	-0.43747	-1.2671
-37.645	1.1107	48.341	88.587	-0.43747	-1.2671
-37.97	1.1087	48.382	88.661	-0.32676	-1.301
-37.97	1.1087	48.382	88.661	-0.32676	-1.301
-38.296	1.106	48.424	88.69	-0.34634	-1.1954
-38.296	1.106	48.424	88.69	-0.34634	-1.1954
-38.624	1.1024	48.463	88.813	-0.42946	-1.213
-38.624	1.1024	48.463	88.813	-0.42946	-1.213
-38.952	1.0993	48.503	88.785	-0.38087	-1.2436
-38.952	1.0993	48.503	88.785	-0.38087	-1.2436
-39.282	1.096	48.543	88.891	-0.42189	-1.2973
-39.282	1.096	48.543	88.891	-0.42189	-1.2973
-39.612	1.0926	48.583	88.877	-0.44958	-1.335
-39.612	1.0926	48.583	88.877	-0.44958	-1.335
-39.94	1.0899	48.628	88.737	-0.36366	-1.2846
-39.94	1.0899	48.628	88.737	-0.36366	-1.2846
-40.269	1.087	48.674	88.572	-0.36326	-1.2459
-40.269	1.087	48.674	88.572	-0.36326	-1.2459
-40.598	1.0841	48.719	88.663	-0.37236	-1.2296
-40.598	1.0841	48.719	88.663	-0.37236	-1.2296
-40.927	1.0809	48.762	88.741	-0.40798	-1.2359
-40.927	1.0809	48.762	88.741	-0.40798	-1.2359
-41.255	1.0778	48.827	85.704	-0.37624	-1.3767
-41.255	1.0778	48.827	85.704	-0.37624	-1.3767
-41.581	1.0749	48.91	82.677	-0.3558	-1.482
-41.581	1.0749	48.91	82.677	-0.3558	-1.482
-41.903	1.0728	49.012	79.555	-0.25858	-1.5079
-41.903	1.0728	49.012	79.555	-0.25858	-1.5079
-42.22	1.0705	49.131	76.462	-0.26945	-1.5802
-42.22	1.0705	49.131	76.462	-0.26945	-1.5802
-42.529	1.0691	49.266	73.493	-0.17431	-1.5824
-42.529	1.0691	49.266	73.493	-0.17431	-1.5824
-42.831	1.0673	49.418	70.417	-0.17253	-1.5339
-42.831	1.0673	49.418	70.417	-0.17253	-1.5339
-43.123	1.0652	49.586	67.458	-0.20073	-1.4917
-43.123	1.0652	49.586	67.458	-0.20073	-1.4917
-43.405	1.0643	49.766	64.567	-0.10102	-1.5931
-43.405	1.0643	49.766	64.567	-0.10102	-1.5931
-43.678	1.0635	49.961	61.565	-0.062006	-1.5643
-43.678	1.0635	49.961	61.565	-0.062006	-1.5643
-43.941	1.0632	50.171	58.572	-0.0062876	-1.541
-43.941	1.0632	50.171	58.572	-0.0062876	-1.541
-44.193	1.0632	50.397	55.458	0.064599	-1.4754
-44.193	1.0632	50.397	55.458	0.064599	-1.4754
-44.436	1.0627	50.636	52.499	0.015491	-1.5065
-44.436	1.0627	50.636	52.499	0.015491	-1.5065
-44.663	1.0631	50.885	49.465	0.11691	-1.5178
-44.663	1.0631	50.885	49.465	0.11691	-1.5178
-44.874	1.0647	51.146	46.314	0.31201	-1.4662
-44.874	1.0647	51.146	46.314	0.31201	-1.4662
-45.071	1.067	51.419	43.061	0.44507	-1.477
-45.071	1.067	51.419	43.061	0.44507	-1.477
-45.254	1.0695	51.702	40.113	0.53553	-1.4592
-45.254	1.0695	51.702	40.113	0.53553	-1.4592
-45.423	1.0723	51.994	37.148	0.5874	-1.513
-45.423	1.0723	51.994	37.148	0.5874	-1.513
-45.572	1.0766	52.292	34.176	0.77693	-1.4135
-45.572	1.0766	52.292	34.176	0.77693	-1.4135
-45.706	1.0806	52.6	31.032	0.80905	-1.3028
-45.706	1.0806	52.6	31.032	0.80905	-1.3028
-45.825	1.085	52.913	28.011	0.87462	-1.2739
-45.825	1.085	52.913	28.011	0.87462	-1.2739
-45.927	1.0895	53.233	24.955	0.92616	-1.2502
-45.927	1.0895	53.233	24.955	0.92616	-1.2502
-46.01	1.0946	53.558	21.8	1.0263	-1.1657
-46.01	1.0946	53.558	21.8	1.0263	-1.1657
-46.077	1.0998	53.887	18.707	1.0617	-1.1335
-46.077	1.0998	53.887	18.707	1.0617	-1.1335
-46.128	1.1048	54.222	15.596	1.0498	-1.107
-46.128	1.1048	54.222	15.596	1.0498	-1.107
-46.161	1.1104	54.558	12.445	1.1189	-1.1289
-46.161	1.1104	54.558	12.445	1.1189	-1.1289
-46.176	1.1164	54.895	9.6315	1.1879	-1.0357
-46.176	1.1164	54.895	9.6315	1.1879	-1.0357
-46.172	1.1229	55.233	6.6182	1.2732	-0.9398
-46.172	1.1229	55.233	6.6182	1.2732	-0.9398
-46.151	1.1291	55.571	3.5912	1.2638	-0.91681
-46.151	1.1291	55.571	3.5912	1.2638	-0.91681
-46.114	1.135	55.909	0.64313	1.2476	-0.83146
-46.114	1.135	55.909	0.64313	1.2476	-0.83146
-46.06	1.1411	56.244	-2.1791	1.254	-0.76422
-46.06	1.1411	56.244	-2.1791	1.254	-0.76422
-46.013	1.1479	56.578	-2.2587	1.335	-0.81453
-46.013	1.1479	56.578	-2.2587	1.335	-0.81453
-45.967	1.1542	56.912	-2.2489	1.287	-0.81995
-45.967	1.1542	56.912	-2.2489	1.287	-0.81995
-45.92	1.1607	57.247	-2.3121	1.3046	-0.75893
-45.92	1.1607	57.247	-2.3121	1.3046	-0.75893
-45.877	1.1679	57.58	-2.1808	1.3575	-0.78151
-45.877	1.1679	57.58	-2.1808	1.3575	-0.78151
-45.833	1.1748	57.914	-2.1702	1.3484	-0.84923
-45.833	1.1748	57.914	-2.1702	1.3484	-0.84923
-45.79	1.1826	58.247	-2.1931	1.4246	-0.90605
-45.79	1.1826	58.247	-2.1931	1.4246	-0.90605
-45.746	1.1901	58.581	-2.1387	1.4016	-0.90645
-45.746	1.1901	58.581	-2.1387	1.4016	-0.90645
-45.702	1.1987	58.915	-2.2006	1.512	-0.85801
-45.702	1.1987	58.915	-2.2006	1.512	-0.85801
-45.658	1.2074	59.25	-2.2242	1.5597	-0.85839
-45.658	1.2074	59.25	-2.2242	1.5597	-0.85839
-45.611	1.2158	59.585	-2.2538	1.5403	-0.76566
-45.611	1.2158	59.585	-2.2538	1.5403	-0.76566
-45.566	1.224	59.921	-2.1942	1.5115	-0.71822
-45.566	1.224	59.921	-2.1942	1.5115	-0.71822
-45.524	1.2321	60.257	-2.0854	1.5129	-0.78329
-45.524	1.2321	60.257	-2.0854	1.5129	-0.78329
-45.481	1.2401	60.594	-1.9729	1.4806	-0.78022
-45.481	1.2401	60.594	-1.9729	1.4806	-0.78022
-45.437	1.2478	60.93	-2.1923	1.4459	-0.73286
-45.437	1.2478	60.93	-2.1923	1.4459	-0.73286
-45.394	1.2551	61.266	-2.1757	1.4219	-0.62714
-45.394	1.2551	61.266	-2.1757	1.4219	-0.62714
-45.351	1.2619	61.602	-2.1947	1.3377	-0.68302
-45.351	1.2619	61.602	-2.1947	1.3377	-0.68302
-45.31	1.2693	61.935	-1.9861	1.4018	-0.77307
-45.31	1.2693	61.935	-1.9861	1.4018	-0.77307
-45.267	1.277	62.268	-1.8717	1.4263	-0.75123
-45.267	1.277	62.268	-1.8717	1.4263	-0.75123
-45.227	1.2842	62.604	-1.7808	1.3623	-0.79653
-45.227	1.2842	62.604	-1.7808	1.3623	-0.79653
-45.186	1.2922	62.939	-1.6494	1.4568	-0.68423
-45.186	1.2922	62.939	-1.6494	1.4568	-0.68423
-45.146	1.2997	63.277	-1.576	1.4301	-0.65062
-45.146	1.2997	63.277	-1.576	1.4301	-0.65062
-45.105	1.307	63.615	-1.5111	1.4139	-0.60614
-45.105	1.307	63.615	-1.5111	1.4139	-0.60614
-45.067	1.3144	63.954	-1.5678	1.4019	-0.66785
-45.067	1.3144	63.954	-1.5678	1.4019	-0.66785
-45.026	1.3215	64.294	-1.6384	1.3681	-0.59662
-45.026	1.3215	64.294	-1.6384	1.3681	-0.59662
-44.984	1.3283	64.634	-1.7064	1.3264	-0.56468
-44.984	1.3283	64.634	-1.7064	1.3264	-0.56468
-44.943	1.335	64.973	-1.8026	1.3361	-0.59679
-44.943	1.335	64.973	-1.8026	1.3361	-0.59679
-44.903	1.3415	65.313	-1.7402	1.311	-0.56457
-44.903	1.3415	65.313	-1.7402	1.311	-0.56457
-44.861	1.3481	65.652	-1.892	1.3389	-0.52744
-44.861	1.3481	65.652	-1.892	1.3389	-0.52744
-44.821	1.3551	65.992	-1.997	1.3632	-0.53247
-44.821	1.3551	65.992	-1.997	1.3632	-0.53247
-44.778	1.3616	66.33	-1.9976	1.3652	-0.49046
-44.778	1.3616	66.33	-1.9976	1.3652	-0.49046
-44.739	1.3683	66.668	-1.8931	1.3832	-0.58213
-44.739	1.3683	66.668	-1.8931	1.3832	-0.58213
-44.7	1.3742	67.005	-1.9693	1.3158	-0.53912
-44.7	1.3742	67.005	-1.9693	1.3158	-0.53912
-44.661	1.3809	67.339	-2.0226	1.3772	-0.5459
-44.661	1.3809	67.339	-2.0226	1.3772	-0.5459
-44.626	1.3876	67.673	-1.9033	1.4203	-0.65622
-44.626	1.3876	67.673	-1.9033	1.4203	-0.65622
-44.587	1.3949	68.004	-1.9674	1.5033	-0.60863
-44.587	1.3949	68.004	-1.9674	1.5033	-0.60863
-44.55	1.402	68.337	-1.9676	1.5218	-0.66986
-44.55	1.402	68.337	-1.9676	1.5218	-0.66986
-44.511	1.4098	68.669	-1.9851	1.5722	-0.59881
-44.511	1.4098	68.669	-1.9851	1.5722	-0.59881
-44.473	1.4175	69	-1.9169	1.5812	-0.54753
-44.473	1.4175	69	-1.9169	1.5812	-0.54753
-44.436	1.4265	69.327	-1.9332	1.7618	-0.47457
-44.436	1.4265	69.327	-1.9332	1.7618	-0.47457
-44.4	1.4352	69.657	-1.878	1.761	-0.58062
-44.4	1.4352	69.657	-1.878	1.761	-0.58062
-44.362	1.4443	69.987	-2.0197	1.8129	-0.61946
-44.362	1.4443	69.987	-2.0197	1.8129	-0.61946
-44.324	1.453	70.318	-1.9384	1.7961	-0.65454
-44.324	1.453	70.318	-1.9384	1.7961	-0.65454
-44.283	1.4618	70.648	-1.9993	1.7732	-0.56205
-44.283	1.4618	70.648	-1.9993	1.7732	-0.56205
-44.245	1.4704	70.977	-1.9275	1.7502	-0.56138
-44.245	1.4704	70.977	-1.9275	1.7502	-0.56138
-44.207	1.4795	71.305	-2.0189	1.798	-0.61402
-44.207	1.4795	71.305	-2.0189	1.798	-0.61402
-44.168	1.4884	71.633	-2.1664	1.8008	-0.66083
-44.168	1.4884	71.633	-2.1664	1.8008	-0.66083
-44.128	1.4977	71.961	-2.1389	1.8353	-0.60914
-44.128	1.4977	71.961	-2.1389	1.8353	-0.60914
-44.087	1.5068	72.289	-2.1544	1.8364	-0.5508
-44.087	1.5068	72.289	-2.1544	1.8364	-0.5508
-44.046	1.5156	72.618	-2.0953	1.7827	-0.51461
-44.046	1.5156	72.618	-2.0953	1.7827	-0.51461
-44.005	1.5245	72.946	-2.3009	1.788	-0.54809
-44.005	1.5245	72.946	-2.3009	1.788	-0.54809
-43.962	1.5334	73.272	-2.3595	1.8209	-0.53888
-43.962	1.5334	73.272	-2.3595	1.8209	-0.53888
-43.922	1.5423	73.6	-2.3108	1.7998	-0.60993
-43.922	1.5423	73.6	-2.3108	1.7998	-0.60993
-43.882	1.5507	73.929	-2.2939	1.732	-0.65504
-43.882	1.5507	73.929	-2.2939	1.732	-0.65504
-43.841	1.5594	74.258	-2.367	1.7443	-0.72604
-43.841	1.5594	74.258	-2.367	1.7443	-0.72604
-43.799	1.5675	74.588	-2.3523	1.6957	-0.70889
-43.799	1.5675	74.588	-2.3523	1.6957	-0.70889
-43.758	1.576	74.918	-2.2984	1.6847	-0.77246
-43.758	1.576	74.918	-2.2984	1.6847	-0.77246
-43.716	1.5849	75.248	-2.3052	1.7291	-0.82258
-43.716	1.5849	75.248	-2.3052	1.7291	-0.82258
-43.675	1.5939	75.579	-2.3153	1.7487	-0.88396
-43.675	1.5939	75.579	-2.3153	1.7487	-0.88396
-43.631	1.6033	75.911	-2.2983	1.7886	-0.84951
-43.631	1.6033	75.911	-2.2983	1.7886	-0.84951
-43.587	1.6124	76.243	-2.3107	1.7807	-0.85939
-43.587	1.6124	76.243	-2.3107	1.7807	-0.85939
-43.543	1.6221	76.574	-2.4024	1.827	-0.84886
-43.543	1.6221	76.574	-2.4024	1.827	-0.84886
-43.496	1.6311	76.906	-2.3845	1.7446	-0.79605
-43.496	1.6311	76.906	-2.3845	1.7446	-0.79605
-43.452	1.6399	77.237	-2.1757	1.6873	-0.78237
-43.452	1.6399	77.237	-2.1757	1.6873	-0.78237
-43.411	1.6483	77.567	-2.1296	1.6723	-0.80209
-43.411	1.6483	77.567	-2.1296	1.6723	-0.80209
-43.371	1.6569	77.897	-1.985	1.6588	-0.84862