0	1	0	10	0	0
0	1	0	10	0	0
0	1	0	10	0	0
-0.00021685	1.0006	0.29907	9.972	0.046335	-0.037375
-0.00021685	1.0006	0.29907	9.972	0.046335	-0.037375
0.0007548	1.0006	0.59972	9.9373	0.023232	-0.027282
0.0007548	1.0006	0.59972	9.9373	0.023232	-0.027282
0.0015262	1.0008	0.89968	9.9141	0.031251	-0.035635
0.0015262	1.0008	0.89968	9.9141	0.031251	-0.035635
0.0026028	1.0011	1.1997	9.8962	0.033582	-0.017392
0.0026028	1.0011	1.1997	9.8962	0.033582	-0.017392
0.0038172	1.0022	1.4985	9.8775	0.090561	-0.018092
0.0038172	1.0022	1.4985	9.8775	0.090561	-0.018092
0.0050451	1.0029	1.7982	9.8516	0.10267	-0.020743
0.0050451	1.0029	1.7982	9.8516	0.10267	-0.020743
0.0071922	1.0031	2.0987	9.8006	0.082897	-0.0065459
0.0071922	1.0031	2.0987	9.8006	0.082897	-0.0065459
0.0094892	1.004	2.3981	9.7655	0.11469	-0.00051023
0.0094892	1.004	2.3981	9.7655	0.11469	-0.00051023
0.011356	1.0052	2.6974	9.7843	0.15032	0.021073
0.011356	1.0052	2.6974	9.7843	0.15032	0.021073
0.012446	1.0061	2.9973	9.8082	0.15907	0.011922
0.012446	1.0061	2.9973	9.8082	0.15907	0.011922
0.013545	1.0075	3.2963	9.8346	0.20299	0.011169
0.013545	1.0075	3.2963	9.8346	0.20299	0.011169
0.015006	1.0084	3.5966	9.8432	0.19563	0.021872
0.015006	1.0084	3.5966	9.8432	0.19563	0.021872
0.016374	1.0094	3.8965	9.8416	0.19915	0.0057984
0.016374	1.0094	3.8965	9.8416	0.19915	0.0057984
0.026006	1.046	4.1482	9.8596	2.4906	0.0021923
0.026006	1.046	4.1482	9.8596	2.4906	0.0021923
0.036849	1.0974	4.3927	9.8614	5.033	-0.016025
0.036849	1.0974	4.3927	9.8614	5.033	-0.016025
0.04575	1.1499	4.6505	9.8842	6.8765	-0.0024241
0.04575	1.1499	4.6505	9.8842	6.8765	-0.0024241
0.050399	1.1982	4.9277	9.9151	7.789	-0.015141
0.050399	1.1982	4.9277	9.9151	7.789	-0.015141
0.050766	1.2361	5.2294	9.8904	7.5977	-0.042696
0.050766	1.2361	5.2294	9.8904	7.5977	-0.042696
0.048262	1.2582	5.5556	9.8437	6.3373	-0.02346
0.048262	1.2582	5.5556	9.8437	6.3373	-0.02346
0.0423	1.2606	5.9008	9.8659	4.226	0.01
0.0423	1.2606	5.9008	9.8659	4.226	0.01
0.033743	1.2407	6.2592	9.8606	1.5149	0.0099369
0.033743	1.2407	6.2592	9.8606	1.5149	0.0099369
0.025473	1.2005	6.6208	9.8292	-1.3987	0.031032
0.025473	1.2005	6.6208	9.8292	-1.3987	0.031032
0.017909	1.1465	6.9746	9.8462	-4.061	0.041696
0.017909	1.1465	6.9746	9.8462	-4.061	0.041696
0.011978	1.087	7.3144	9.898	-6.1448	0.050725
0.011978	1.087	7.3144	9.898	-6.1448	0.050725
0.010404	1.0334	7.6347	9.88	-7.2788	0.057895
0.010404	1.0334	7.6347	9.88	-7.2788	0.057895
0.012165	0.99342	7.9353	9.831	-7.3773	0.046068
0.012165	0.99342	7.9353	9.831	-7.3773	0.046068
0.015314	0.9739	8.2146	9.9087	-6.3681	0.034645
0.015314	0.9739	8.2146	9.9087	-6.3681	0.034645
0.022233	0.97649	8.4764	9.951	-4.4255	0.044092
0.022233	0.97649	8.4764	9.951	-4.4255	0.044092
0.032294	0.99829	8.7262	9.9021	-1.8784	0.040818
0.032294	0.99829	8.7262	9.9021	-1.8784	0.040818
0.040152	1.0233	8.987	9.8863	0.091313	0.048966
0.040152	1.0233	8.987	9.8863	0.091313	0.048966
0.039532	1.0233	9.2878	9.9016	0.075726	0.001309
0.039532	1.0233	9.2878	9.9016	0.075726	0.001309
0.040352	1.0238	9.5887	9.8856	0.077886	0.0056035
0.040352	1.0238	9.5887	9.8856	0.077886	0.0056035
0.040657	1.0243	9.8893	9.8948	0.08044	0.0014109
0.040657	1.0243	9.8893	9.8948	0.08044	0.0014109
0.04105	1.0249	10.19	9.9043	0.085471	0.016107
0.04105	1.0249	10.19	9.9043	0.085471	0.016107
0.040985	1.0252	10.49	9.9182	0.079626	0.014353
0.040985	1.0252	10.49	9.9182	0.079626	0.014353
0.041819	1.0258	10.79	9.8862	0.088186	0.022141
0.041819	1.0258	10.79	9.8862	0.088186	0.022141
0.043166	1.0268	11.09	9.8667	0.11117	0.054951
0.043166	1.0268	11.09	9.8667	0.11117	0.054951
0.043473	1.0273	11.39	9.8414	0.1121	0.034314
0.043473	1.0273	11.39	9.8414	0.1121	0.034314
0.042798	1.0277	11.69	9.8532	0.10776	0.0017501
0.042798	1.0277	11.69	9.8532	0.10776	0.0017501
0.042293	1.0281	11.99	9.876	0.091885	-0.0073808
0.042293	1.0281	11.99	9.876	0.091885	-0.0073808
0.041732	1.0284	12.29	9.8965	0.077166	-0.016776
0.041732	1.0284	12.29	9.8965	0.077166	-0.016776
0.041744	1.0289	12.59	9.8417	0.091758	-0.054307
0.041744	1.0289	12.59	9.8417	0.091758	-0.054307
0.042095	1.0293	12.89	9.834	0.086785	-0.056156
0.042095	1.0293	12.89	9.834	0.086785	-0.056156
0.041984	1.0297	13.19	9.8247	0.080857	-0.074251
0.041984	1.0297	13.19	9.8247	0.080857	-0.074251
0.042541	1.0298	13.49	9.7913	0.060296	-0.077583
0.042541	1.0298	13.49	9.7913	0.060296	-0.077583
0.044246	1.0302	13.79	9.7627	0.052818	-0.037445
0.044246	1.0302	13.79	9.7627	0.052818	-0.037445
0.045617	1.0306	14.09	9.757	0.052663	-0.0076383
0.045617	1.0306	14.09	9.757	0.052663	-0.0076383
0.045201	1.0313	14.389	9.7736	0.08074	-0.047067
0.045201	1.0313	14.389	9.7736	0.08074	-0.047067
0.046244	1.0314	14.689	9.768	0.056828	-0.024445
0.046244	1.0314	14.689	9.768	0.056828	-0.024445
0.047723	1.0314	14.99	9.737	0.031151	0.003479
0.047723	1.0314	14.99	9.737	0.031151	0.003479
0.047544	1.0311	15.289	9.7651	0.005653	-0.012792
0.047544	1.0311	15.289	9.7651	0.005653	-0.012792
0.048295	1.0316	15.588	9.7463	0.031727	-0.012203
0.048295	1.0316	15.588	9.7463	0.031727	-0.012203
0.049053	1.0319	15.888	9.7348	0.030328	-0.0053262
0.049053	1.0319	15.888	9.7348	0.030328	-0.0053262
0.048863	1.0323	16.187	9.7656	0.048355	-0.024544
0.048863	1.0323	16.187	9.7656	0.048355	-0.024544
0.049461	1.0326	16.487	9.7815	0.05018	-0.02074
0.049461	1.0326	16.487	9.7815	0.05018	-0.02074
0.049735	1.0329	16.786	9.7669	0.054187	-0.053064
0.049735	1.0329	16.786	9.7669	0.054187	-0.053064
0.049907	1.0331	17.086	9.7863	0.052127	-0.064955
0.049907	1.0331	17.086	9.7863	0.052127	-0.064955
0.050303	1.0338	17.386	9.7718	0.073756	-0.087665
0.050303	1.0338	17.386	9.7718	0.073756	-0.087665
0.051253	1.0343	17.685	9.744	0.080674	-0.09386
0.051253	1.0343	17.685	9.744	0.080674	-0.09386
0.052038	1.0344	17.986	9.7506	0.054189	-0.078569
0.052038	1.0344	17.986	9.7506	0.054189	-0.078569
0.053088	1.0347	18.286	9.7428	0.049496	-0.079543
0.053088	1.0347	18.286	9.7428	0.049496	-0.079543
0.054377	1.0351	18.586	9.7319	0.052532	-0.078123
0.054377	1.0351	18.586	9.7319	0.052532	-0.078123
0.054685	1.0358	18.886	9.7938	0.06835	-0.066179
0.054685	1.0358	18.886	9.7938	0.06835	-0.066179
0.055108	1.036	19.186	9.8264	0.050224	-0.052364
0.055108	1.036	19.186	9.8264	0.050224	-0.052364
0.054426	1.0359	19.487	9.8231	0.032733	-0.10382
0.054426	1.0359	19.487	9.8231	0.032733	-0.10382
0.054821	1.0361	19.787	9.8087	0.03155	-0.10709
0.054821	1.0361	19.787	9.8087	0.03155	-0.10709
0.1192	1.0366	20.109	5.8197	0.035824	-0.091104
0.1192	1.0366	20.109	5.8197	0.035824	-0.091104
0.20443	1.0368	20.425	1.8472	0.042188	-0.11824
0.20443	1.0368	20.425	1.8472	0.042188	-0.11824
0.31274	1.0376	20.734	-2.1721	0.068742	-0.10525
0.31274	1.0376	20.734	-2.1721	0.068742	-0.10525
0.44093	1.0381	21.036	-6.1295	0.065235	-0.10982
0.44093	1.0381	21.036	-6.1295	0.065235	-0.10982
0.58926	1.0387	21.328	-10.058	0.075809	-0.11749
0.58926	1.0387	21.328	-10.058	0.075809	-0.11749
0.75857	1.0389	21.61	-14.037	0.054568	-0.10358
0.75857	1.0389	21.61	-14.037	0.054568	-0.10358
0.94624	1.0399	21.879	-17.993	0.086712	-0.095379
0.94624	1.0399	21.879	-17.993	0.086712	-0.095379
1.1519	1.0409	22.134	-21.964	0.11541	-0.10786
1.1519	1.0409	22.134	-21.964	0.11541	-0.10786
1.3758	1.0415	22.375	-25.982	0.11145	-0.11339
1.3758	1.0415	22.375	-25.982	0.11145	-0.11339
1.6168	1.0426	22.6	-30	0.12593	-0.073122
1.6168	1.0426	22.6	-30	0.12593	-0.073122
1.8731	1.0433	22.807	-34.023	0.11442	-0.021959
1.8731	1.0433	22.807	-34.023	0.11442	-0.021959
2.1426	1.0441	22.996	-38.062	0.12433	-0.01539
2.1426	1.0441	22.996	-38.062	0.12433	-0.01539
2.424	1.0449	23.165	-42.056	0.13424	-0.0053192
2.424	1.0449	23.165	-42.056	0.13424	-0.0053192
2.7166	1.0458	23.315	-46.003	0.14443	0.041251
2.7166	1.0458	23.315	-46.003	0.14443	0.041251
3.0196	1.0461	23.445	-50.001	0.11469	0.057157
3.0196	1.0461	23.445	-50.001	0.11469	0.057157
3.3301	1.0466	23.554	-54.029	0.11478	0.029461
3.3301	1.0466	23.554	-54.029	0.11478	0.029461
3.6479	1.0473	23.64	-58.044	0.12155	0.045441
3.6479	1.0473	23.64	-58.044	0.12155	0.045441
3.9707	1.0482	23.704	-61.989	0.1274	0.099156
3.9707	1.0482	23.704	-61.989	0.1274	0.099156
4.2982	1.048	23.746	-65.975	0.074758	0.13281
4.2982	1.048	23.746	-65.975	0.074758	0.13281
4.6268	1.0484	23.765	-69.972	0.079202	0.13528
4.6268	1.0484	23.765	-69.972	0.079202	0.13528
4.9571	1.0481	23.76	-74.034	0.044778	0.13443
4.9571	1.0481	23.76	-74.034	0.044778	0.13443
5.2855	1.048	23.733	-78.037	0.034212	0.10826
5.2855	1.048	23.733	-78.037	0.034212	0.10826
5.6006	1.0478	23.711	-80.075	0.018227	0.11655
5.6006	1.0478	23.711	-80.075	0.018227	0.11655
5.9033	1.0474	23.713	-80.053	0.001258	0.099442
5.9033	1.0474	23.713	-80.053	0.001258	0.099442
6.2054	1.0477	23.715	-80.032	0.026118	0.091394
6.2054	1.0477	23.715	-80.032	0.026118	0.091394
6.5143	1.0538	23.678	-80.035	0.05048	1.9819
6.5143	1.0538	23.678	-80.035	0.05048	1.9819
6.8309	1.0593	23.594	-80.064	0.085259	6.0748
6.8309	1.0593	23.594	-80.064	0.085259	6.0748
7.1431	1.0551	23.538	-80.061	0.084545	8.8288
7.1431	1.0551	23.538	-80.061	0.084545	8.8288
7.4479	1.0474	23.524	-80.04	0.090306	9.6365
7.4479	1.0474	23.524	-80.04	0.090306	9.6365
7.7444	1.0401	23.554	-80.048	0.1216	8.3144
7.7444	1.0401	23.554	-80.048	0.1216	8.3144
8.0348	1.0317	23.62	-80.051	0.12773	5.2002
8.0348	1.0317	23.62	-80.051	0.12773	5.2002
8.3209	1.0196	23.711	-80.043	0.13761	0.92385
8.3209	1.0196	23.711	-80.043	0.13761	0.92385
8.6069	1.004	23.803	-80.038	0.1394	-3.4916
8.6069	1.004	23.803	-80.038	0.1394	-3.4916
8.8959	0.98985	23.878	-80.045	0.1381	-7.1067
8.8959	0.98985	23.878	-80.045	0.1381	-7.1067
9.1905	0.98467	23.921	-80.001	0.11771	-9.1011
9.1905	0.98467	23.921	-80.001	0.11771	-9.1011
9.4924	0.99368	23.922	-80.034	0.11917	-9.0544
9.4924	0.99368	23.922	-80.034	0.11917	-9.0544
9.801	1.0148	23.882	-80.037	0.11366	-6.953
9.801	1.0148	23.882	-80.037	0.11366	-6.953
10.115	1.0401	23.81	-80.066	0.13986	-3.2838
10.115	1.0401	23.81	-80.066	0.13986	-3.2838
10.427	1.0564	23.741	-80.067	0.17707	0.13011
10.427	1.0564	23.741	-80.067	0.17707	0.13011
10.729	1.0574	23.74	-80.102	0.18226	0.16439
10.729	1.0574	23.74	-80.102	0.18226	0.16439
11.03	1.0578	23.742	-80.043	0.15553	0.17549
11.03	1.0578	23.742	-80.043	0.15553	0.17549
11.331	1.0584	23.744	-80.009	0.16097	0.14235
11.331	1.0584	23.744	-80.009	0.16097	0.14235
11.633	1.0591	23.745	-79.978	0.16702	0.14245
11.633	1.0591	23.745	-79.978	0.16702	0.14245
11.934	1.0601	23.748	-79.937	0.18964	0.1061
11.934	1.0601	23.748	-79.937	0.18964	0.1061
12.236	1.0611	23.748	-79.953	0.19271	0.12088
12.236	1.0611	23.748	-79.953	0.19271	0.12088
12.538	1.0615	23.75	-79.942	0.16531	0.11984
12.538	1.0615	23.75	-79.942	0.16531	0.11984
12.84	1.0623	23.75	-80.025	0.16398	0.12432
12.84	1.0623	23.75	-80.025	0.16398	0.12432
13.142	1.0632	23.752	-80.028	0.18026	0.10874
13.142	1.0632	23.752	-80.028	0.18026	0.10874
13.444	1.0642	23.755	-79.956	0.18478	0.11369
13.444	1.0642	23.755	-79.956	0.18478	0.11369
13.746	1.0651	23.757	-79.96	0.18973	0.10467
13.746	1.0651	23.757	-79.96	0.18973	0.10467
14.049	1.066	23.759	-79.995	0.19687	0.084811
14.049	1.066	23.759	-79.995	0.19687	0.084811
14.351	1.0672	23.762	-79.921	0.21776	0.082358
14.351	1.0672	23.762	-79.921	0.21776	0.082358
14.652	1.0688	23.764	-79.91	0.24441	0.1162
14.652	1.0688	23.764	-79.91	0.24441	0.1162
14.955	1.0699	23.765	-79.923	0.2304	0.13982
14.955	1.0699	23.765	-79.923	0.2304	0.13982
15.258	1.071	23.767	-79.938	0.23594	0.15406
15.258	1.071	23.767	-79.938	0.23594	0.15406
15.56	1.0721	23.77	-79.945	0.23487	0.12462
15.56	1.0721	23.77	-79.945	0.23487	0.12462
15.862	1.0733	23.772	-79.908	0.2353	0.14867
15.862	1.0733	23.772	-79.908	0.2353	0.14867
16.165	1.0741	23.774	-79.921	0.2263	0.13461
16.165	1.0741	23.774	-79.921	0.2263	0.13461
16.467	1.0753	23.777	-79.91	0.23887	0.1167
16.467	1.0753	23.777	-79.91	0.23887	0.1167
16.769	1.077	23.778	-79.933	0.26955	0.10759
16.769	1.077	23.778	-79.933	0.26955	0.10759
17.071	1.0786	23.779	-79.982	0.28819	0.10837
17.071	1.0786	23.779	-79.982	0.28819	0.10837
17.374	1.0797	23.78	-79.987	0.26774	0.11877
17.374	1.0797	23.78	-79.987	0.26774	0.11877
17.676	1.0809	23.782	-79.993	0.26617	0.10787
17.676	1.0809	23.782	-79.993	0.26617	0.10787
17.979	1.0822	23.785	-79.982	0.27082	0.077721
17.979	1.0822	23.785	-79.982	0.27082	0.077721
18.281	1.084	23.787	-79.998	0.29702	0.083448
18.281	1.084	23.787	-79.998	0.29702	0.083448
18.584	1.0855	23.789	-79.965	0.2984	0.11513
18.584	1.0855	23.789	-79.965	0.2984	0.11513
18.886	1.0876	23.79	-80.01	0.3353	0.12119
18.886	1.0876	23.79	-80.01	0.3353	0.12119
19.189	1.0894	23.792	-80.033	0.33713	0.13088
19.189	1.0894	23.792	-80.033	0.33713	0.13088
19.492	1.0904	23.793	-80.083	0.30134	0.13323
19.492	1.0904	23.793	-80.083	0.30134	0.13323
19.794	1.0922	23.795	-80.083	0.32566	0.12023
19.794	1.0922	23.795	-80.083	0.32566	0.12023
20.098	1.0933	23.797	-80.081	0.29592	0.09578
20.098	1.0933	23.797	-80.081	0.29592	0.09578
20.401	1.0949	23.799	-80.1	0.30399	0.077276
20.401	1.0949	23.799	-80.1	0.30399	0.077276
20.704	1.0964	23.801	-80.084	0.30341	0.080047
20.704	1.0964	23.801	-80.084	0.30341	0.080047
21.007	1.0977	23.803	-80.087	0.29617	0.052124
21.007	1.0977	23.803	-80.087	0.29617	0.052124
21.311	1.0991	23.804	-80.119	0.29468	0.043472
21.311	1.0991	23.804	-80.119	0.29468	0.043472
21.614	1.1006	23.806	-80.104	0.29124	0.052955
21.614	1.1006	23.806	-80.104	0.29124	0.052955
21.918	1.1022	23.807	-80.09	0.29155	0.076348
21.918	1.1022	23.807	-80.09	0.29155	0.076348
22.222	1.1036	23.808	-80.128	0.28295	0.11176
22.222	1.1036	23.808	-80.128	0.28295	0.11176
22.525	1.1056	23.809	-80.142	0.31755	0.12164
22.525	1.1056	23.809	-80.142	0.31755	0.12164
22.828	1.107	23.811	-80.076	0.30979	0.11798
22.828	1.107	23.811	-80.076	0.30979	0.11798
23.131	1.1086	23.813	-80.073	0.31631	0.10821
23.131	1.1086	23.813	-80.073	0.31631	0.10821
23.434	1.1104	23.816	-80.041	0.33224	0.091425
23.434	1.1104	23.816	-80.041	0.33224	0.091425
23.737	1.1122	23.818	-80.064	0.34872	0.065718
23.737	1.1122	23.818	-80.064	0.34872	0.065718
24.041	1.114	23.82	-80.069	0.34518	0.074571
24.041	1.114	23.82	-80.069	0.34518	0.074571
24.344	1.1157	23.822	-80.069	0.34273	0.069984
24.344	1.1157	23.822	-80.069	0.34273	0.069984
24.647	1.1177	23.824	-80.059	0.36568	0.048506
24.647	1.1177	23.824	-80.059	0.36568	0.048506
24.95	1.1198	23.826	-80.078	0.38531	0.043634
24.95	1.1198	23.826	-80.078	0.38531	0.043634
25.255	1.1212	23.828	-80.088	0.35078	0.048904
25.255	1.1212	23.828	-80.088	0.35078	0.048904
25.558	1.1233	23.829	-80.055	0.3588	0.089379
25.558	1.1233	23.829	-80.055	0.3588	0.089379
25.862	1.125	23.831	-80.058	0.34957	0.12229
25.862	1.125	23.831	-80.058	0.34957	0.12229
26.165	1.1273	23.832	-80.073	0.3818	0.12408
26.165	1.1273	23.832	-80.073	0.3818	0.12408
26.469	1.1291	23.834	-80.078	0.38107	0.12448
26.469	1.1291	23.834	-80.078	0.38107	0.12448
26.772	1.1309	23.836	-80.063	0.37258	0.13841
26.772	1.1309	23.836	-80.063	0.37258	0.13841
27.076	1.1328	23.839	-80.053	0.37362	0.14235
27.076	1.1328	23.839	-80.053	0.37362	0.14235
27.379	1.1344	23.842	-80.019	0.3657	0.12244
27.379	1.1344	23.842	-80.019	0.3657	0.12244
27.683	1.1364	23.844	-80.022	0.37237	0.1543
27.683	1.1364	23.844	-80.022	0.37237	0.1543
27.987	1.1385	23.846	-80.056	0.38651	0.16639
27.987	1.1385	23.846	-80.056	0.38651	0.16639
28.29	1.1403	23.849	-80.029	0.38232	0.1593
28.29	1.1403	23.849	-80.029	0.38232	0.1593
28.594	1.1422	23.852	-79.983	0.38498	0.14224
28.594	1.1422	23.852	-79.983	0.38498	0.14224
28.898	1.1436	23.855	-79.988	0.35665	0.12744
28.898	1.1436	23.855	-79.988	0.35665	0.12744
29.201	1.1459	23.858	-79.935	0.38726	0.15201
29.201	1.1459	23.858	-79.935	0.38726	0.15201
29.505	1.1486	23.86	-79.907	0.42873	0.19113
29.505	1.1486	23.86	-79.907	0.42873	0.19113
29.809	1.1512	23.861	-79.974	0.45276	0.22056
29.809	1.1512	23.861	-79.974	0.45276	0.22056
30.113	1.1532	23.863	-79.948	0.43413	0.25556
30.113	1.1532	23.863	-79.948	0.43413	0.25556
30.418	1.1553	23.865	-79.962	0.43313	0.28008
30.418	1.1553	23.865	-79.962	0.43313	0.28008
30.722	1.1576	23.867	-79.99	0.44811	0.28768
30.722	1.1576	23.867	-79.99	0.44811	0.28768
31.025	1.1602	23.869	-79.951	0.47734	0.32658
31.025	1.1602	23.869	-79.951	0.47734	0.32658
31.33	1.1619	23.871	-79.989	0.44476	0.32387
31.33	1.1619	23.871	-79.989	0.44476	0.32387
31.634	1.1641	23.873	-80.009	0.45833	0.29637
31.634	1.1641	23.873	-80.009	0.45833	0.29637
31.939	1.166	23.875	-79.973	0.44453	0.30041
31.939	1.166	23.875	-79.973	0.44453	0.30041
32.243	1.1683	23.877	-79.957	0.44901	0.33485
32.243	1.1683	23.877	-79.957	0.44901	0.33485
32.548	1.1699	23.879	-79.971	0.4221	0.3289
32.548	1.1699	23.879	-79.971	0.4221	0.3289
32.853	1.1715	23.882	-79.981	0.39875	0.33598
32.853	1.1715	23.882	-79.981	0.39875	0.33598
33.157	1.1737	23.883	-79.99	0.41985	0.35874
33.157	1.1737	23.883	-79.99	0.41985	0.35874
33.463	1.1752	23.885	-79.985	0.39137	0.35845
33.463	1.1752	23.885	-79.985	0.39137	0.35845
33.767	1.1771	23.886	-80.032	0.3967	0.36749
33.767	1.1771	23.886	-80.032	0.3967	0.36749
34.072	1.1787	23.887	-80.061	0.38096	0.39445
34.072	1.1787	23.887	-80.061	0.38096	0.39445
34.376	1.1808	23.889	-80.051	0.40961	0.39815
34.376	1.1808	23.889	-80.051	0.40961	0.39815
34.681	1.1826	23.89	-80.089	0.40988	0.4031
34.681	1.1826	23.89	-80.089	0.40988	0.4031
34.985	1.1842	23.892	-80.076	0.39628	0.4049
34.985	1.1842	23.892	-80.076	0.39628	0.4049
35.29	1.1854	23.893	-80.048	0.36145	0.42719
35.29	1.1854	23.893	-80.048	0.36145	0.42719
35.606	1.1865	23.866	-82.043	0.32987	0.46111
35.606	1.1865	23.866	-82.043	0.32987	0.46111
35.93	1.1868	23.792	-86.094	0.26554	0.48209
35.93	1.1868	23.792	-86.094	0.26554	0.48209
36.248	1.1872	23.697	-90.081	0.23056	0.46461
36.248	1.1872	23.697	-90.081	0.23056	0.46461
36.558	1.1872	23.58	-94.066	0.19015	0.43863
36.558	1.1872	23.58	-94.066	0.19015	0.43863
36.858	1.1877	23.441	-98.065	0.18558	0.43453
36.858	1.1877	23.441	-98.065	0.18558	0.43453
37.148	1.1884	23.28	-102.09	0.17977	0.45595
37.148	1.1884	23.28	-102.09	0.17977	0.45595
37.426	1.1884	23.1	-106.1	0.14862	0.46706
37.426	1.1884	23.1	-106.1	0.14862	0.46706
37.691	1.1881	22.9	-110.08	0.10912	0.48686
37.691	1.1881	22.9	-110.08	0.10912	0.48686
37.941	1.1879	22.682	-114.11	0.08242	0.5187
37.941	1.1879	22.682	-114.11	0.08242	0.5187
38.174	1.1876	22.448	-118.11	0.069259	0.51768
38.174	1.1876	22.448	-118.11	0.069259	0.51768
38.391	1.1871	22.197	-122.1	0.040148	0.53187
38.391	1.1871	22.197	-122.1	0.040148	0.53187
38.589	1.1864	21.932	-126.12	0.014015	0.52987
38.589	1.1864	21.932	-126.12	0.014015	0.52987
38.769	1.1852	21.653	-130.17	-0.033812	0.51978
38.769	1.1852	21.653	-130.17	-0.033812	0.51978
38.928	1.1844	21.362	-134.24	-0.043533	0.51391
38.928	1.1844	21.362	-134.24	-0.043533	0.51391
39.066	1.1831	21.061	-138.25	-0.077238	0.53702
39.066	1.1831	21.061	-138.25	-0.077238	0.53702
39.183	1.1816	20.751	-142.22	-0.11228	0.53407
39.183	1.1816	20.751	-142.22	-0.11228	0.53407
39.279	1.18	20.434	-146.23	-0.14685	0.51787
39.279	1.18	20.434	-146.23	-0.14685	0.51787
39.352	1.1781	20.11	-150.27	-0.18796	0.52547
39.352	1.1781	20.11	-150.27	-0.18796	0.52547
39.402	1.1762	19.782	-154.3	-0.20421	0.49914
39.402	1.1762	19.782	-154.3	-0.20421	0.49914
39.43	1.174	19.452	-158.3	-0.23539	0.46086
39.43	1.174	19.452	-158.3	-0.23539	0.46086
39.434	1.1721	19.121	-162.3	-0.25273	0.44874
39.434	1.1721	19.121	-162.3	-0.25273	0.44874
39.414	1.1702	18.791	-166.29	-0.26445	0.44175
39.414	1.1702	18.791	-166.29	-0.26445	0.44175
39.372	1.1673	18.461	-170.32	-0.32536	0.42148
39.372	1.1673	18.461	-170.32	-0.32536	0.42148
39.371	1.1654	18.158	-170.32	-0.31583	0.41233
39.371	1.1654	18.158	-170.32	-0.31583	0.41233
39.369	1.1637	17.855	-170.37	-0.2953	0.40118
39.369	1.1637	17.855	-170.37	-0.2953	0.40118
39.367	1.162	17.552	-170.39	-0.27705	0.37887
39.367	1.162	17.552	-170.39	-0.27705	0.37887
39.366	1.1599	17.248	-170.41	-0.29591	0.35358
39.366	1.1599	17.248	-170.41	-0.29591	0.35358
39.365	1.1585	16.946	-170.37	-0.26856	0.35185
39.365	1.1585	16.946	-170.37	-0.26856	0.35185
39.363	1.1568	16.643	-170.35	-0.26729	0.35855
39.363	1.1568	16.643	-170.35	-0.26729	0.35855
39.374	1.0998	16.274	-170.33	-3.5413	0.34338
39.374	1.0998	16.274	-170.33	-3.5413	0.34338
39.384	1.0242	15.913	-170.32	-6.6141	0.33054
39.384	1.0242	15.913	-170.32	-6.6141	0.33054
39.388	0.9571	15.583	-170.27	-8.2829	0.36035
39.388	0.9571	15.583	-170.27	-8.2829	0.36035
39.388	0.91497	15.285	-170.24	-8.1836	0.35086
39.388	0.91497	15.285	-170.24	-8.1836	0.35086
39.38	0.90715	15.019	-170.29	-6.3162	0.36184
39.38	0.90715	15.019	-170.29	-6.3162	0.36184
39.368	0.93165	14.78	-170.29	-3.1264	0.36847
39.368	0.93165	14.78	-170.29	-3.1264	0.36847
39.353	0.98064	14.556	-170.32	0.74425	0.36949
39.353	0.98064	14.556	-170.32	0.74425	0.36949
39.338	1.0406	14.33	-170.37	4.3528	0.33182
39.338	1.0406	14.33	-170.37	4.3528	0.33182
39.326	1.1005	14.086	-170.37	6.9199	0.36998
39.326	1.1005	14.086	-170.37	6.9199	0.36998
39.32	1.1507	13.808	-170.4	7.9263	0.38756
39.32	1.1507	13.808	-170.4	7.9263	0.38756
39.321	1.1811	13.489	-170.42	7.1063	0.36542
39.321	1.1811	13.489	-170.42	7.1063	0.36542
39.329	1.1832	13.134	-170.42	4.6553	0.34825
39.329	1.1832	13.134	-170.42	4.6553	0.34825
39.34	1.1523	12.756	-170.47	1.1022	0.31213
39.34	1.1523	12.756	-170.47	1.1022	0.31213
39.342	1.1345	12.427	-170.49	-0.18448	0.30608
39.342	1.1345	12.427	-170.49	-0.18448	0.30608
39.341	1.1329	12.124	-170.48	-0.20392	0.29545
39.341	1.1329	12.124	-170.48	-0.20392	0.29545
39.339	1.1314	11.821	-170.51	-0.21073	0.28712
39.339	1.1314	11.821	-170.51	-0.21073	0.28712
39.337	1.13	11.518	-170.5	-0.22191	0.30359
39.337	1.13	11.518	-170.5	-0.22191	0.30359
39.335	1.1286	11.215	-170.55	-0.21442	0.2669
39.335	1.1286	11.215	-170.55	-0.21442	0.2669
39.334	1.1271	10.911	-170.53	-0.22064	0.2474
39.334	1.1271	10.911	-170.53	-0.22064	0.2474
39.332	1.1254	10.607	-170.54	-0.24261	0.24887
39.332	1.1254	10.607	-170.54	-0.24261	0.24887
39.33	1.1238	10.304	-170.52	-0.24869	0.24763
39.33	1.1238	10.304	-170.52	-0.24869	0.24763
39.327	1.1228	9.9999	-170.53	-0.22236	0.28911
39.327	1.1228	9.9999	-170.53	-0.22236	0.28911
39.325	1.1219	9.6967	-170.53	-0.18814	0.26496
39.325	1.1219	9.6967	-170.53	-0.18814	0.26496
39.322	1.1208	9.3927	-170.54	-0.18353	0.27803
39.322	1.1208	9.3927	-170.54	-0.18353	0.27803
39.321	1.1196	9.0885	-170.53	-0.18703	0.26806
39.321	1.1196	9.0885	-170.53	-0.18703	0.26806
39.319	1.1188	8.7847	-170.5	-0.16334	0.28607
39.319	1.1188	8.7847	-170.5	-0.16334	0.28607
39.317	1.1172	8.4798	-170.49	-0.18977	0.26623
39.317	1.1172	8.4798	-170.49	-0.18977	0.26623
39.251	1.1159	8.1542	-174.58	-0.19461	0.22813
39.251	1.1159	8.1542	-174.58	-0.19461	0.22813
39.161	1.1142	7.8337	-178.62	-0.22153	0.22028
39.161	1.1142	7.8337	-178.62	-0.22153	0.22028
39.051	1.1127	7.5207	177.46	-0.21998	0.20653
39.051	1.1127	7.5207	177.46	-0.21998	0.20653
38.919	1.111	7.2155	173.48	-0.23793	0.17228
38.919	1.111	7.2155	173.48	-0.23793	0.17228
38.765	1.1093	6.92	169.45	-0.25261	0.14353
38.765	1.1093	6.92	169.45	-0.25261	0.14353
38.591	1.1077	6.6359	165.44	-0.26295	0.15314
38.591	1.1077	6.6359	165.44	-0.26295	0.15314
38.397	1.1063	6.3649	161.43	-0.26114	0.16212
38.397	1.1063	6.3649	161.43	-0.26114	0.16212
38.185	1.1038	6.1069	157.45	-0.31209	0.13653
38.185	1.1038	6.1069	157.45	-0.31209	0.13653
37.955	1.1024	5.8661	153.39	-0.28564	0.12497
37.955	1.1024	5.8661	153.39	-0.28564	0.12497
37.709	1.1006	5.6413	149.39	-0.29035	0.12382
37.709	1.1006	5.6413	149.39	-0.29035	0.12382
37.448	1.0987	5.4339	145.42	-0.3034	0.12014
37.448	1.0987	5.4339	145.42	-0.3034	0.12014
37.175	1.097	5.245	141.46	-0.29108	0.075207
37.175	1.097	5.245	141.46	-0.29108	0.075207
36.889	1.0952	5.0753	137.48	-0.29669	0.027615
36.889	1.0952	5.0753	137.48	-0.29669	0.027615
36.591	1.0938	4.9268	133.47	-0.27894	0.0054968
36.591	1.0938	4.9268	133.47	-0.27894	0.0054968
36.284	1.0921	4.7986	129.5	-0.29038	-0.028209
36.284	1.0921	4.7986	129.5	-0.29038	-0.028209
35.968	1.0903	4.6922	125.49	-0.30302	-0.059659
35.968	1.0903	4.6922	125.49	-0.30302	-0.059659
35.646	1.0888	4.6082	121.49	-0.29151	-0.094795
35.646	1.0888	4.6082	121.49	-0.29151	-0.094795
35.319	1.0875	4.5464	117.52	-0.27563	-0.12376
35.319	1.0875	4.5464	117.52	-0.27563	-0.12376
34.989	1.0866	4.5081	113.52	-0.24271	-0.14248
34.989	1.0866	4.5081	113.52	-0.24271	-0.14248
34.656	1.085	4.4913	109.55	-0.25727	-0.19463
34.656	1.085	4.4913	109.55	-0.25727	-0.19463
34.323	1.0837	4.498	105.58	-0.26135	-0.22184
34.323	1.0837	4.498	105.58	-0.26135	-0.22184
33.99	1.0825	4.5296	101.53	-0.2654	-0.21717
33.99	1.0825	4.5296	101.53	-0.2654	-0.21717
33.673	1.0818	4.5544	99.518	-0.22792	-0.23299
33.673	1.0818	4.5544	99.518	-0.22792	-0.23299
33.368	1.0806	4.5564	99.533	-0.24765	-0.19022
33.368	1.0806	4.5564	99.533	-0.24765	-0.19022
33.062	1.079	4.5572	99.561	-0.27651	-0.18937
33.062	1.079	4.5572	99.561	-0.27651	-0.18937
32.757	1.0775	4.5591	99.539	-0.28973	-0.17823
32.757	1.0775	4.5591	99.539	-0.28973	-0.17823
32.452	1.0765	4.5606	99.5	-0.26583	-0.20764
32.452	1.0765	4.5606	99.5	-0.26583	-0.20764
32.148	1.0758	4.5614	99.513	-0.23952	-0.21716
32.148	1.0758	4.5614	99.513	-0.23952	-0.21716
31.842	1.0746	4.5629	99.501	-0.24714	-0.19449
31.842	1.0746	4.5629	99.501	-0.24714	-0.19449
31.537	1.0738	4.5647	99.463	-0.23215	-0.1877
31.537	1.0738	4.5647	99.463	-0.23215	-0.1877
31.231	1.0726	4.5656	99.45	-0.23566	-0.20532
31.231	1.0726	4.5656	99.45	-0.23566	-0.20532
30.926	1.0717	4.5667	99.494	-0.22823	-0.18985
30.926	1.0717	4.5667	99.494	-0.22823	-0.18985
30.621	1.0703	4.5671	99.499	-0.24574	-0.21843
30.621	1.0703	4.5671	99.499	-0.24574	-0.21843
30.316	1.0695	4.5671	99.515	-0.22685	-0.23532
30.316	1.0695	4.5671	99.515	-0.22685	-0.23532
30.011	1.0683	4.5682	99.459	-0.23495	-0.24772
30.011	1.0683	4.5682	99.459	-0.23495	-0.24772
29.706	1.067	4.5683	99.496	-0.2488	-0.24835
29.706	1.067	4.5683	99.496	-0.2488	-0.24835
29.402	1.0662	4.5683	99.554	-0.2331	-0.24079
29.402	1.0662	4.5683	99.554	-0.2331	-0.24079
29.097	1.0655	4.568	99.591	-0.21352	-0.24084
29.097	1.0655	4.568	99.591	-0.21352	-0.24084
28.791	1.0642	4.5677	99.615	-0.23854	-0.2256
28.791	1.0642	4.5677	99.615	-0.23854	-0.2256
28.486	1.0631	4.5675	99.596	-0.23681	-0.24432
28.486	1.0631	4.5675	99.596	-0.23681	-0.24432
28.18	1.0617	4.567	99.634	-0.25944	-0.2335
28.18	1.0617	4.567	99.634	-0.25944	-0.2335
27.875	1.0604	4.5667	99.605	-0.26298	-0.24147
27.875	1.0604	4.5667	99.605	-0.26298	-0.24147
27.57	1.0598	4.5676	99.574	-0.2297	-0.21205
27.57	1.0598	4.5676	99.574	-0.2297	-0.21205
27.265	1.0591	4.5679	99.578	-0.21917	-0.18415
27.265	1.0591	4.5679	99.578	-0.21917	-0.18415
26.96	1.0587	4.5685	99.557	-0.18832	-0.14912
26.96	1.0587	4.5685	99.557	-0.18832	-0.14912
26.654	1.0576	4.5674	99.523	-0.19759	-0.19053
26.654	1.0576	4.5674	99.523	-0.19759	-0.19053
26.349	1.0566	4.5653	99.6	-0.20559	-0.19794
26.349	1.0566	4.5653	99.6	-0.20559	-0.19794
26.044	1.0559	4.5653	99.607	-0.20344	-0.13742
26.044	1.0559	4.5653	99.607	-0.20344	-0.13742
25.737	1.0544	4.5638	99.581	-0.23409	-0.16541
25.737	1.0544	4.5638	99.581	-0.23409	-0.16541
25.431	1.0534	4.5634	99.576	-0.23473	-0.13079
25.431	1.0534	4.5634	99.576	-0.23473	-0.13079
25.125	1.0521	4.5631	99.573	-0.25502	-0.073031
25.125	1.0521	4.5631	99.573	-0.25502	-0.073031
24.819	1.0507	4.5622	99.561	-0.26292	-0.05536
24.819	1.0507	4.5622	99.561	-0.26292	-0.05536
24.514	1.0496	4.5604	99.562	-0.24333	-0.074972
24.514	1.0496	4.5604	99.562	-0.24333	-0.074972
24.209	1.049	4.5582	99.589	-0.20946	-0.088797
24.209	1.049	4.5582	99.589	-0.20946	-0.088797
23.904	1.0479	4.5562	99.604	-0.2117	-0.090759
23.904	1.0479	4.5562	99.604	-0.2117	-0.090759
23.588	1.0467	4.5834	97.59	-0.2151	-0.1159
23.588	1.0467	4.5834	97.59	-0.2151	-0.1159
23.264	1.0461	4.6573	93.549	-0.18658	-0.14549
23.264	1.0461	4.6573	93.549	-0.18658	-0.14549
22.947	1.045	4.7521	89.593	-0.18565	-0.19052
22.947	1.045	4.7521	89.593	-0.18565	-0.19052
22.636	1.0445	4.8702	85.588	-0.16825	-0.21191
22.636	1.0445	4.8702	85.588	-0.16825	-0.21191
22.336	1.0448	5.0104	81.581	-0.11532	-0.1862
22.336	1.0448	5.0104	81.581	-0.11532	-0.1862
22.046	1.0451	5.1715	77.557	-0.072136	-0.1631
22.046	1.0451	5.1715	77.557	-0.072136	-0.1631
21.768	1.0453	5.3518	73.548	-0.045323	-0.16807
21.768	1.0453	5.3518	73.548	-0.045323	-0.16807
21.502	1.0449	5.5527	69.494	-0.06525	-0.15782
21.502	1.0449	5.5527	69.494	-0.06525	-0.15782
21.252	1.045	5.7706	65.493	-0.051178	-0.15592
21.252	1.045	5.7706	65.493	-0.051178	-0.15592
21.018	1.0452	6.0049	61.505	-0.03121	-0.16396
21.018	1.0452	6.0049	61.505	-0.03121	-0.16396
20.801	1.0454	6.2551	57.511	-0.017192	-0.14958
20.801	1.0454	6.2551	57.511	-0.017192	-0.14958
20.602	1.0454	6.5196	53.482	-0.011127	-0.199
20.602	1.0454	6.5196	53.482	-0.011127	-0.199
20.421	1.0459	6.7967	49.497	0.021522	-0.23809
20.421	1.0459	6.7967	49.497	0.021522	-0.23809
20.261	1.0465	7.0867	45.495	0.042711	-0.2421
20.261	1.0465	7.0867	45.495	0.042711	-0.2421
20.122	1.0472	7.3868	41.502	0.061115	-0.25266
20.122	1.0472	7.3868	41.502	0.061115	-0.25266
20.004	1.0477	7.6962	37.452	0.072301	-0.28604
20.004	1.0477	7.6962	37.452	0.072301	-0.28604
19.908	1.0487	8.013	33.482	0.088982	-0.24273
19.908	1.0487	8.013	33.482	0.088982	-0.24273
19.835	1.0499	8.3351	29.472	0.12413	-0.2584
19.835	1.0499	8.3351	29.472	0.12413	-0.2584
19.784	1.0513	8.662	25.48	0.15207	-0.23823
19.784	1.0513	8.662	25.48	0.15207	-0.23823
19.758	1.0527	8.9921	21.421	0.17731	-0.24281
19.758	1.0527	8.9921	21.421	0.17731	-0.24281
19.754	1.0543	9.3232	17.41	0.20443	-0.21263
19.754	1.0543	9.3232	17.41	0.20443	-0.21263
19.773	1.0562	9.6535	13.396	0.24536	-0.20411
19.773	1.0562	9.6535	13.396	0.24536	-0.20411
19.815	1.0571	9.9832	9.3745	0.21143	-0.18846
19.815	1.0571	9.9832	9.3745	0.21143	-0.18846
19.816	1.0576	10.288	9.3669	0.16427	-0.19129
19.816	1.0576	10.288	9.3669	0.16427	-0.19129
19.817	1.0585	10.593	9.3491	0.14864	-0.15364
19.817	1.0585	10.593	9.3491	0.14864	-0.15364
19.818	1.0593	10.897	9.3343	0.15046	-0.14977
19.818	1.0593	10.897	9.3343	0.15046	-0.14977
19.819	1.0606	11.2	9.333	0.17358	-0.14061
19.819	1.0606	11.2	9.333	0.17358	-0.14061
19.819	1.0614	11.504	9.3741	0.15488	-0.13602
19.819	1.0614	11.504	9.3741	0.15488	-0.13602
19.818	1.0622	11.808	9.3555	0.16163	-0.20254
19.818	1.0622	11.808	9.3555	0.16163	-0.20254
19.818	1.0625	12.113	9.3271	0.12096	-0.22466
19.818	1.0625	12.113	9.3271	0.12096	-0.22466
19.818	1.0637	12.417	9.3247	0.15308	-0.24106
19.818	1.0637	12.417	9.3247	0.15308	-0.24106
19.817	1.0646	12.721	9.3852	0.15026	-0.26337
19.817	1.0646	12.721	9.3852	0.15026	-0.26337
19.818	1.065	13.026	9.341	0.11162	-0.24841
19.818	1.065	13.026	9.341	0.11162	-0.24841
19.819	1.0664	13.329	9.3778	0.1451	-0.22626
19.819	1.0664	13.329	9.3778	0.1451	-0.22626
19.82	1.0676	13.634	9.3845	0.15415	-0.20646
19.82	1.0676	13.634	9.3845	0.15415	-0.20646
19.82	1.0681	13.938	9.4168	0.12388	-0.17713
19.82	1.0681	13.938	9.4168	0.12388	-0.17713
19.821	1.0687	14.243	9.3595	0.11822	-0.20392
19.821	1.0687	14.243	9.3595	0.11822	-0.20392
19.822	1.0698	14.547	9.3453	0.13379	-0.17895
19.822	1.0698	14.547	9.3453	0.13379	-0.17895
19.822	1.0708	14.851	9.3697	0.14386	-0.18546
19.822	1.0708	14.851	9.3697	0.14386	-0.18546
19.822	1.0716	15.155	9.4011	0.13625	-0.18813
19.822	1.0716	15.155	9.4011	0.13625	-0.18813
19.822	1.0721	15.459	9.4157	0.11128	-0.18088
19.822	1.0721	15.459	9.4157	0.11128	-0.18088
19.822	1.0734	15.762	9.4233	0.14714	-0.19205
19.822	1.0734	15.762	9.4233	0.14714	-0.19205
19.822	1.0743	16.066	9.4407	0.14845	-0.18937
19.822	1.0743	16.066	9.4407	0.14845	-0.18937
19.822	1.0751	16.371	9.4367	0.13776	-0.18684
19.822	1.0751	16.371	9.4367	0.13776	-0.18684
19.822	1.0759	16.675	9.4591	0.13592	-0.19452
19.822	1.0759	16.675	9.4591	0.13592	-0.19452
19.824	1.0766	16.98	9.3953	0.12088	-0.16582
19.824	1.0766	16.98	9.3953	0.12088	-0.16582
19.827	1.0781	17.283	9.3427	0.15854	-0.12333
19.827	1.0781	17.283	9.3427	0.15854	-0.12333
19.83	1.0792	17.587	9.3075	0.16503	-0.094952
19.83	1.0792	17.587	9.3075	0.16503	-0.094952
19.872	1.0855	17.898	9.2962	0.1475	1.8365
19.872	1.0855	17.898	9.2962	0.1475	1.8365
19.944	1.0903	18.213	9.2851	0.13221	5.2319
19.944	1.0903	18.213	9.2851	0.13221	5.2319
19.993	1.0879	18.524	9.2455	0.14063	7.4255
19.993	1.0879	18.524	9.2455	0.14063	7.4255
20.006	1.0814	18.83	9.2741	0.11078	7.9754
20.006	1.0814	18.83	9.2741	0.11078	7.9754
19.983	1.0743	19.129	9.2772	0.11585	6.7315
19.983	1.0743	19.129	9.2772	0.11585	6.7315
19.927	1.0655	19.423	9.2755	0.10775	3.9225
19.927	1.0655	19.423	9.2755	0.10775	3.9225
19.852	1.0536	19.715	9.2769	0.084049	0.20732
19.852	1.0536	19.715	9.2769	0.084049	0.20732
19.777	1.04	20.006	9.2391	0.08709	-3.5757
19.777	1.04	20.006	9.2391	0.08709	-3.5757
19.717	1.0285	20.299	9.2573	0.072108	-6.6429
19.717	1.0285	20.299	9.2573	0.072108	-6.6429
19.687	1.026	20.598	9.2607	0.090487	-8.2473
19.687	1.026	20.598	9.2607	0.090487	-8.2473
19.694	1.035	20.902	9.2503	0.084078	-8.0399
19.694	1.035	20.902	9.2503	0.084078	-8.0399
19.734	1.0533	21.213	9.228	0.078163	-6.1389
19.734	1.0533	21.213	9.228	0.078163	-6.1389
19.802	1.0748	21.527	9.2791	0.10113	-2.8994
19.802	1.0748	21.527	9.2791	0.10113	-2.8994
19.859	1.0872	21.84	9.2684	0.10505	-0.25037
19.859	1.0872	21.84	9.2684	0.10505	-0.25037
19.862	1.0881	22.144	9.2564	0.11066	-0.2476
19.862	1.0881	22.144	9.2564	0.11066	-0.2476
19.865	1.0891	22.448	9.2192	0.12852	-0.25758
19.865	1.0891	22.448	9.2192	0.12852	-0.25758
19.869	1.0897	22.752	9.1781	0.11686	-0.26697
19.869	1.0897	22.752	9.1781	0.11686	-0.26697
19.871	1.0904	23.056	9.1787	0.11326	-0.2801
19.871	1.0904	23.056	9.1787	0.11326	-0.2801
19.873	1.0903	23.361	9.1923	0.059028	-0.30659
19.873	1.0903	23.361	9.1923	0.059028	-0.30659
19.876	1.0911	23.664	9.164	0.082014	-0.33882
19.876	1.0911	23.664	9.164	0.082014	-0.33882
19.879	1.0921	23.967	9.1899	0.09341	-0.32742
19.879	1.0921	23.967	9.1899	0.09341	-0.32742
19.882	1.093	24.271	9.2241	0.09486	-0.28431
19.882	1.093	24.271	9.2241	0.09486	-0.28431
19.884	1.0941	24.574	9.2146	0.1223	-0.31414
19.884	1.0941	24.574	9.2146	0.1223	-0.31414
19.886	1.0947	24.877	9.2205	0.11437	-0.34016
19.886	1.0947	24.877	9.2205	0.11437	-0.34016
19.888	1.0958	25.181	9.2266	0.13181	-0.34041
19.888	1.0958	25.181	9.2266	0.13181	-0.34041
19.889	1.0966	25.485	9.1965	0.12421	-0.38637
19.889	1.0966	25.485	9.1965	0.12421	-0.38637
19.892	1.0978	25.789	9.1784	0.13805	-0.37609
19.892	1.0978	25.789	9.1784	0.13805	-0.37609
19.895	1.0992	26.093	9.1683	0.15957	-0.35592
19.895	1.0992	26.093	9.1683	0.15957	-0.35592
19.897	1.1003	26.396	9.1622	0.16364	-0.37433
19.897	1.1003	26.396	9.1622	0.16364	-0.37433
19.9	1.1012	26.7	9.1548	0.14857	-0.36297
19.9	1.1012	26.7	9.1548	0.14857	-0.36297
19.902	1.1022	27.004	9.1484	0.14933	-0.37591
19.902	1.1022	27.004	9.1484	0.14933	-0.37591
19.904	1.1031	27.308	9.1226	0.1419	-0.38208
19.904	1.1031	27.308	9.1226	0.1419	-0.38208
19.907	1.1042	27.611	9.1333	0.14177	-0.36704
19.907	1.1042	27.611	9.1333	0.14177	-0.36704
19.909	1.1055	27.915	9.1772	0.16109	-0.34708
19.909	1.1055	27.915	9.1772	0.16109	-0.34708
19.911	1.1066	28.219	9.1423	0.16017	-0.34822
19.911	1.1066	28.219	9.1423	0.16017	-0.34822
19.913	1.107	28.524	9.132	0.12691	-0.36805
19.913	1.107	28.524	9.132	0.12691	-0.36805
19.915	1.1087	28.827	9.1985	0.16647	-0.33166
19.915	1.1087	28.827	9.1985	0.16647	-0.33166
19.917	1.1101	29.13	9.2255	0.17693	-0.32558
19.917	1.1101	29.13	9.2255	0.17693	-0.32558
19.917	1.111	29.433	9.2804	0.16597	-0.36073
19.917	1.111	29.433	9.2804	0.16597	-0.36073
19.917	1.1119	29.737	9.3066	0.1602	-0.38103
19.917	1.1119	29.737	9.3066	0.1602	-0.38103
19.918	1.1132	30.041	9.2983	0.1742	-0.40578
19.918	1.1132	30.041	9.2983	0.1742	-0.40578
19.985	1.1156	30.364	5.2601	0.23771	-0.36114
19.985	1.1156	30.364	5.2601	0.23771	-0.36114
20.073	1.1183	30.682	1.276	0.30667	-0.32699
20.073	1.1183	30.682	1.276	0.30667	-0.32699
20.182	1.1208	30.994	-2.6442	0.3432	-0.3051
20.182	1.1208	30.994	-2.6442	0.3432	-0.3051
20.314	1.1232	31.298	-6.6661	0.35964	-0.27434
20.314	1.1232	31.298	-6.6661	0.35964	-0.27434
20.465	1.1253	31.592	-10.656	0.35333	-0.23614
20.465	1.1253	31.592	-10.656	0.35333	-0.23614
20.637	1.1274	31.875	-14.671	0.36288	-0.23639
20.637	1.1274	31.875	-14.671	0.36288	-0.23639
20.828	1.1302	32.144	-18.616	0.39492	-0.17648
20.828	1.1302	32.144	-18.616	0.39492	-0.17648
21.037	1.1323	32.4	-22.64	0.38835	-0.15513
21.037	1.1323	32.4	-22.64	0.38835	-0.15513
21.266	1.1343	32.64	-26.739	0.37468	-0.13111
21.266	1.1343	32.64	-26.739	0.37468	-0.13111
21.508	1.1367	32.864	-30.655	0.39132	-0.097003
21.508	1.1367	32.864	-30.655	0.39132	-0.097003
21.766	1.1389	33.071	-34.653	0.39706	-0.084586
21.766	1.1389	33.071	-34.653	0.39706	-0.084586
22.039	1.1413	33.258	-38.671	0.41055	-0.047124
22.039	1.1413	33.258	-38.671	0.41055	-0.047124
22.324	1.1436	33.426	-42.658	0.41453	-0.0034647
22.324	1.1436	33.426	-42.658	0.41453	-0.0034647
22.619	1.1463	33.574	-46.638	0.43769	0.036288
22.619	1.1463	33.574	-46.638	0.43769	0.036288
22.925	1.1484	33.701	-50.637	0.42135	0.082835
22.925	1.1484	33.701	-50.637	0.42135	0.082835
23.239	1.1507	33.806	-54.664	0.43179	0.11487
23.239	1.1507	33.806	-54.664	0.43179	0.11487
23.557	1.1536	33.89	-58.637	0.4811	0.11867
23.557	1.1536	33.89	-58.637	0.4811	0.11867
23.882	1.1564	33.95	-62.64	0.4968	0.17511
23.882	1.1564	33.95	-62.64	0.4968	0.17511
24.211	1.1584	33.988	-66.654	0.46869	0.18652
24.211	1.1584	33.988	-66.654	0.46869	0.18652
24.541	1.1604	34.003	-70.651	0.45302	0.21011
24.541	1.1604	34.003	-70.651	0.45302	0.21011
24.872	1.1626	33.995	-74.687	0.44721	0.23511
24.872	1.1626	33.995	-74.687	0.44721	0.23511
25.202	1.164	33.964	-78.68	0.40366	0.26164
25.202	1.164	33.964	-78.68	0.40366	0.26164
25.518	1.1654	33.94	-80.62	0.37492	0.2789
25.518	1.1654	33.94	-80.62	0.37492	0.2789
25.821	1.1673	33.939	-80.63	0.39316	0.24689
25.821	1.1673	33.939	-80.63	0.39316	0.24689
26.126	1.1685	33.938	-80.624	0.35527	0.27405
26.126	1.1685	33.938	-80.624	0.35527	0.27405
26.43	1.1706	33.937	-80.65	0.39178	0.25068
26.43	1.1706	33.937	-80.65	0.39178	0.25068
26.732	1.1732	33.936	-80.655	0.44138	0.26023
26.732	1.1732	33.936	-80.655	0.44138	0.26023
27.036	1.1751	33.935	-80.636	0.43547	0.22955
27.036	1.1751	33.935	-80.636	0.43547	0.22955
27.341	1.1764	33.935	-80.582	0.39277	0.2346
27.341	1.1764	33.935	-80.582	0.39277	0.2346
27.644	1.1784	33.934	-80.601	0.40459	0.22016
27.644	1.1784	33.934	-80.601	0.40459	0.22016
27.948	1.1802	33.933	-80.642	0.40899	0.229
27.948	1.1802	33.933	-80.642	0.40899	0.229
28.251	1.1823	33.933	-80.656	0.41996	0.22374
28.251	1.1823	33.933	-80.656	0.41996	0.22374
28.555	1.1845	33.932	-80.673	0.44032	0.22439
28.555	1.1845	33.932	-80.673	0.44032	0.22439
28.859	1.1864	33.932	-80.687	0.43195	0.19379
28.859	1.1864	33.932	-80.687	0.43195	0.19379
29.163	1.1886	33.93	-80.707	0.44226	0.21672
29.163	1.1886	33.93	-80.707	0.44226	0.21672
29.468	1.1903	33.93	-80.697	0.41643	0.21854
29.468	1.1903	33.93	-80.697	0.41643	0.21854
29.772	1.1922	33.929	-80.714	0.41116	0.24643
29.772	1.1922	33.929	-80.714	0.41116	0.24643
30.076	1.1943	33.929	-80.718	0.43033	0.22572
30.076	1.1943	33.929	-80.718	0.43033	0.22572
30.38	1.1964	33.929	-80.72	0.43526	0.20686
30.38	1.1964	33.929	-80.72	0.43526	0.20686
30.684	1.1984	33.928	-80.718	0.42374	0.25335
30.684	1.1984	33.928	-80.718	0.42374	0.25335
30.987	1.2009	33.926	-80.711	0.44668	0.30128
30.987	1.2009	33.926	-80.711	0.44668	0.30128
31.291	1.2022	33.926	-80.744	0.40327	0.29575
31.291	1.2022	33.926	-80.744	0.40327	0.29575
31.594	1.2039	33.926	-80.737	0.39761	0.2896
31.594	1.2039	33.926	-80.737	0.39761	0.2896
31.897	1.2057	33.925	-80.762	0.39603	0.2961
31.897	1.2057	33.925	-80.762	0.39603	0.2961
32.199	1.2081	33.925	-80.755	0.43284	0.29071
32.199	1.2081	33.925	-80.755	0.43284	0.29071
32.503	1.2096	33.926	-80.727	0.40382	0.29789
32.503	1.2096	33.926	-80.727	0.40382	0.29789
32.806	1.2111	33.926	-80.729	0.39342	0.27817
32.806	1.2111	33.926	-80.729	0.39342	0.27817
33.109	1.2128	33.927	-80.681	0.38882	0.28386
33.109	1.2128	33.927	-80.681	0.38882	0.28386
33.412	1.2143	33.928	-80.711	0.38315	0.25733
33.412	1.2143	33.928	-80.711	0.38315	0.25733
33.715	1.2163	33.928	-80.67	0.40319	0.25384
33.715	1.2163	33.928	-80.67	0.40319	0.25384
34.018	1.2178	33.929	-80.669	0.38902	0.23382
34.018	1.2178	33.929	-80.669	0.38902	0.23382
34.32	1.2197	33.928	-80.705	0.38642	0.24123
34.32	1.2197	33.928	-80.705	0.38642	0.24123
34.623	1.221	33.929	-80.666	0.36189	0.24673
34.623	1.221	33.929	-80.666	0.36189	0.24673
34.925	1.2231	33.929	-80.655	0.38794	0.24482
34.925	1.2231	33.929	-80.655	0.38794	0.24482
35.228	1.2245	33.93	-80.633	0.37334	0.2337
35.228	1.2245	33.93	-80.633	0.37334	0.2337
35.519	1.226	33.959	-78.678	0.36967	0.19739
35.519	1.226	33.959	-78.678	0.36967	0.19739
35.794	1.228	34.032	-74.676	0.39283	0.16155
35.794	1.228	34.032	-74.676	0.39283	0.16155
36.063	1.2296	34.125	-70.647	0.38773	0.14566
36.063	1.2296	34.125	-70.647	0.38773	0.14566
36.325	1.232	34.236	-66.633	0.42403	0.097801
36.325	1.232	34.236	-66.633	0.42403	0.097801
36.58	1.2339	34.365	-62.648	0.42323	0.062381
36.58	1.2339	34.365	-62.648	0.42323	0.062381
36.824	1.2359	34.511	-58.647	0.4281	0.030865
36.824	1.2359	34.511	-58.647	0.4281	0.030865
37.059	1.2378	34.673	-54.689	0.41793	0.019262
37.059	1.2378	34.673	-54.689	0.41793	0.019262
37.281	1.2398	34.851	-50.72	0.41766	-0.013161
37.281	1.2398	34.851	-50.72	0.41766	-0.013161
37.49	1.242	35.044	-46.729	0.4233	-0.043119
37.49	1.242	35.044	-46.729	0.4233	-0.043119
37.685	1.2443	35.251	-42.735	0.43683	-0.07364
37.685	1.2443	35.251	-42.735	0.43683	-0.07364
37.864	1.2464	35.471	-38.722	0.4317	-0.1202
37.864	1.2464	35.471	-38.722	0.4317	-0.1202
38.028	1.2483	35.703	-34.718	0.42327	-0.18816
38.028	1.2483	35.703	-34.718	0.42327	-0.18816
38.175	1.251	35.944	-30.722	0.45606	-0.22518
38.175	1.251	35.944	-30.722	0.45606	-0.22518
38.304	1.253	36.197	-26.731	0.43955	-0.30199
38.304	1.253	36.197	-26.731	0.43955	-0.30199
38.417	1.2549	36.457	-22.771	0.42078	-0.33458
38.417	1.2549	36.457	-22.771	0.42078	-0.33458
38.51	1.2566	36.726	-18.735	0.37934	-0.37832
38.51	1.2566	36.726	-18.735	0.37934	-0.37832
38.584	1.2585	37	-14.696	0.36316	-0.42146
38.584	1.2585	37	-14.696	0.36316	-0.42146
38.639	1.2593	37.279	-10.701	0.28564	-0.43532
38.639	1.2593	37.279	-10.701	0.28564	-0.43532
38.675	1.26	37.561	-6.6728	0.2177	-0.42838
38.675	1.26	37.561	-6.6728	0.2177	-0.42838
38.692	1.261	37.845	-2.7215	0.1945	-0.45085
38.692	1.261	37.845	-2.7215	0.1945	-0.45085
38.687	1.2612	38.129	1.2962	0.13956	-0.48897
38.687	1.2612	38.129	1.2962	0.13956	-0.48897
38.664	1.2619	38.412	5.2637	0.11337	-0.4986
38.664	1.2619	38.412	5.2637	0.11337	-0.4986
38.621	1.262	38.694	9.2113	0.06534	-0.52294
38.621	1.262	38.694	9.2113	0.06534	-0.52294
38.621	1.263	38.995	9.2504	0.080545	-0.49866
38.621	1.263	38.995	9.2504	0.080545	-0.49866
38.62	1.2636	39.297	9.2925	0.068935	-0.49418
38.62	1.2636	39.297	9.2925	0.068935	-0.49418
38.62	1.2641	39.599	9.2983	0.050249	-0.45753
38.62	1.2641	39.599	9.2983	0.050249	-0.45753
38.619	1.2646	39.9	9.3157	0.050503	-0.48931
38.619	1.2646	39.9	9.3157	0.050503	-0.48931
38.618	1.2649	40.202	9.3313	0.036102	-0.50141
38.618	1.2649	40.202	9.3313	0.036102	-0.50141
38.617	1.2653	40.504	9.3679	0.029353	-0.49985
38.617	1.2653	40.504	9.3679	0.029353	-0.49985
38.616	1.2659	40.805	9.3594	0.03071	-0.49649
38.616	1.2659	40.805	9.3594	0.03071	-0.49649
38.614	1.2662	41.107	9.3749	0.024334	-0.5205
38.614	1.2662	41.107	9.3749	0.024334	-0.5205
38.614	1.2664	41.409	9.3413	0.0063576	-0.50631
38.614	1.2664	41.409	9.3413	0.0063576	-0.50631
38.614	1.2662	41.712	9.2979	-0.028681	-0.50304
38.614	1.2662	41.712	9.2979	-0.028681	-0.50304
38.614	1.2662	42.014	9.3194	-0.043538	-0.49014
38.614	1.2662	42.014	9.3194	-0.043538	-0.49014
38.614	1.2665	42.315	9.3223	-0.041191	-0.46534
38.614	1.2665	42.315	9.3223	-0.041191	-0.46534
38.613	1.2661	42.617	9.3922	-0.076868	-0.43282
38.613	1.2661	42.617	9.3922	-0.076868	-0.43282
38.613	1.2666	42.919	9.3673	-0.048717	-0.42636
38.613	1.2666	42.919	9.3673	-0.048717	-0.42636
38.612	1.2665	43.221	9.396	-0.065415	-0.42092
38.612	1.2665	43.221	9.396	-0.065415	-0.42092
38.611	1.2669	43.522	9.3724	-0.035932	-0.42514
38.611	1.2669	43.522	9.3724	-0.035932	-0.42514
38.61	1.2671	43.824	9.3729	-0.031075	-0.44221
38.61	1.2671	43.824	9.3729	-0.031075	-0.44221
38.608	1.2664	44.127	9.3703	-0.073507	-0.45601
38.608	1.2664	44.127	9.3703	-0.073507	-0.45601
38.606	1.2662	44.428	9.4293	-0.079565	-0.44274
38.606	1.2662	44.428	9.4293	-0.079565	-0.44274
38.604	1.2658	44.73	9.4479	-0.098995	-0.4421
38.604	1.2658	44.73	9.4479	-0.098995	-0.4421
38.603	1.2658	45.031	9.4309	-0.088677	-0.42874
38.603	1.2658	45.031	9.4309	-0.088677	-0.42874
38.601	1.2656	45.332	9.4535	-0.082176	-0.46726
38.601	1.2656	45.332	9.4535	-0.082176	-0.46726
38.599	1.2654	45.634	9.4465	-0.084809	-0.47301
38.599	1.2654	45.634	9.4465	-0.084809	-0.47301
38.598	1.2648	45.937	9.4144	-0.10984	-0.48176
38.598	1.2648	45.937	9.4144	-0.10984	-0.48176
38.597	1.265	46.238	9.3818	-0.088462	-0.44682
38.597	1.265	46.238	9.3818	-0.088462	-0.44682
38.596	1.2646	46.54	9.3614	-0.094065	-0.46239
38.596	1.2646	46.54	9.3614	-0.094065	-0.46239
38.594	1.2638	46.842	9.376	-0.13328	-0.47302
38.594	1.2638	46.842	9.376	-0.13328	-0.47302
38.594	1.2633	47.144	9.3424	-0.14694	-0.45329
38.594	1.2633	47.144	9.3424	-0.14694	-0.45329
38.591	1.2627	47.445	9.3445	-0.14847	-0.48795
38.591	1.2627	47.445	9.3445	-0.14847	-0.48795
38.589	1.2622	47.746	9.3579	-0.14365	-0.52195
38.589	1.2622	47.746	9.3579	-0.14365	-0.52195
38.588	1.2616	48.048	9.3782	-0.1592	-0.48497
38.588	1.2616	48.048	9.3782	-0.1592	-0.48497
38.586	1.2609	48.35	9.367	-0.168	-0.51896
38.586	1.2609	48.35	9.367	-0.168	-0.51896
38.584	1.2603	48.651	9.3422	-0.17006	-0.51607
38.584	1.2603	48.651	9.3422	-0.17006	-0.51607
38.52	1.259	48.927	13.318	-0.22168	-0.50732
38.52	1.259	48.927	13.318	-0.22168	-0.50732
38.438	1.2575	49.198	17.283	-0.26159	-0.50186
38.438	1.2575	49.198	17.283	-0.26159	-0.50186
38.337	1.2549	49.464	21.29	-0.35593	-0.48911
38.337	1.2549	49.464	21.29	-0.35593	-0.48911
38.218	1.2532	49.721	25.273	-0.36548	-0.49285
38.218	1.2532	49.721	25.273	-0.36548	-0.49285
38.082	1.2511	49.969	29.225	-0.40115	-0.48126
38.082	1.2511	49.969	29.225	-0.40115	-0.48126
37.928	1.2485	50.208	33.202	-0.45381	-0.46815
37.928	1.2485	50.208	33.202	-0.45381	-0.46815
37.759	1.2465	50.435	37.208	-0.45978	-0.44213
37.759	1.2465	50.435	37.208	-0.45978	-0.44213
37.574	1.244	50.649	41.238	-0.48788	-0.42693
37.574	1.244	50.649	41.238	-0.48788	-0.42693
37.375	1.2417	50.851	45.248	-0.49602	-0.3832
37.375	1.2417	50.851	45.248	-0.49602	-0.3832
37.163	1.2391	51.039	49.242	-0.52507	-0.32954
37.163	1.2391	51.039	49.242	-0.52507	-0.32954
36.936	1.2364	51.209	53.319	-0.53868	-0.29416
36.936	1.2364	51.209	53.319	-0.53868	-0.29416
36.699	1.2339	51.363	57.365	-0.54106	-0.24127
36.699	1.2339	51.363	57.365	-0.54106	-0.24127
36.451	1.2313	51.5	61.422	-0.53846	-0.20775
36.451	1.2313	51.5	61.422	-0.53846	-0.20775
36.193	1.2285	51.619	65.444	-0.54622	-0.21619
36.193	1.2285	51.619	65.444	-0.54622	-0.21619
35.928	1.2255	51.72	69.526	-0.56669	-0.18786
35.928	1.2255	51.72	69.526	-0.56669	-0.18786
35.657	1.2227	51.802	73.518	-0.56974	-0.16421
35.657	1.2227	51.802	73.518	-0.56974	-0.16421
35.38	1.2193	51.865	77.553	-0.60009	-0.14737
35.38	1.2193	51.865	77.553	-0.60009	-0.14737
35.099	1.2162	51.91	81.578	-0.61842	-0.064836
35.099	1.2162	51.91	81.578	-0.61842	-0.064836
34.817	1.2132	51.936	85.536	-0.61449	0.017648
34.817	1.2132	51.936	85.536	-0.61449	0.017648
34.534	1.2102	51.941	89.571	-0.60377	0.048544
34.534	1.2102	51.941	89.571	-0.60377	0.048544
34.251	1.2072	51.927	93.541	-0.59145	0.072711
34.251	1.2072	51.927	93.541	-0.59145	0.072711
33.969	1.204	51.894	97.524	-0.59838	0.1582
33.969	1.204	51.894	97.524	-0.59838	0.1582
33.68	1.2013	51.869	99.559	-0.57076	0.179
33.68	1.2013	51.869	99.559	-0.57076	0.179
33.379	1.1982	51.868	99.535	-0.55998	0.18556
33.379	1.1982	51.868	99.535	-0.55998	0.18556
33.077	1.1948	51.867	99.568	-0.5763	0.1797
33.077	1.1948	51.867	99.568	-0.5763	0.1797
32.776	1.1917	51.865	99.597	-0.56928	0.19396
32.776	1.1917	51.865	99.597	-0.56928	0.19396
32.475	1.1884	51.864	99.596	-0.57862	0.21464
32.475	1.1884	51.864	99.596	-0.57862	0.21464
32.173	1.1851	51.863	99.563	-0.57758	0.2058
32.173	1.1851	51.863	99.563	-0.57758	0.2058
31.873	1.1822	51.861	99.587	-0.55802	0.19364
31.873	1.1822	51.861	99.587	-0.55802	0.19364
31.572	1.1788	51.86	99.585	-0.57056	0.20502
31.572	1.1788	51.86	99.585	-0.57056	0.20502
31.272	1.1761	51.859	99.609	-0.55419	0.25361
31.272	1.1761	51.859	99.609	-0.55419	0.25361
30.97	1.1721	51.857	99.634	-0.59896	0.22396
30.97	1.1721	51.857	99.634	-0.59896	0.22396
30.67	1.1689	51.854	99.689	-0.58131	0.20923
30.67	1.1689	51.854	99.689	-0.58131	0.20923
30.37	1.1658	51.852	99.674	-0.57247	0.18482
30.37	1.1658	51.852	99.674	-0.57247	0.18482
30.07	1.163	51.851	99.66	-0.54685	0.20323
30.07	1.163	51.851	99.66	-0.54685	0.20323
29.77	1.1602	51.849	99.647	-0.53253	0.23123
29.77	1.1602	51.849	99.647	-0.53253	0.23123
29.468	1.1564	51.847	99.623	-0.57128	0.19965
29.468	1.1564	51.847	99.623	-0.57128	0.19965
29.214	1.1869	51.853	99.601	1.6382	0.19432
29.214	1.1869	51.853	99.601	1.6382	0.19432
28.986	1.2473	51.865	99.56	5.0194	0.23463
28.986	1.2473	51.865	99.56	5.0194	0.23463
28.734	1.304	51.873	99.554	7.157	0.24453
28.734	1.304	51.873	99.554	7.157	0.24453
28.444	1.3472	51.874	99.559	7.564	0.27774
28.444	1.3472	51.874	99.559	7.564	0.27774
28.114	1.3671	51.868	99.607	6.1468	0.29961
28.114	1.3671	51.868	99.607	6.1468	0.29961
27.753	1.3571	51.856	99.647	3.2973	0.3326
27.753	1.3571	51.856	99.647	3.2973	0.3326
27.374	1.3144	51.841	99.656	-0.43219	0.34066
27.374	1.3144	51.841	99.656	-0.43219	0.34066
26.998	1.246	51.825	99.714	-4.2153	0.33272
26.998	1.246	51.825	99.714	-4.2153	0.33272
26.642	1.1687	51.814	99.733	-7.1649	0.36829
26.642	1.1687	51.814	99.733	-7.1649	0.36829
26.318	1.1027	51.807	99.766	-8.6169	0.38312
26.318	1.1027	51.807	99.766	-8.6169	0.38312
26.026	1.0628	51.808	99.676	-8.3305	0.41273
26.026	1.0628	51.808	99.676	-8.3305	0.41273
25.767	1.0581	51.813	99.653	-6.2633	0.39763
25.767	1.0581	51.813	99.653	-6.2633	0.39763
25.532	1.0847	51.822	99.641	-2.9704	0.40861
25.532	1.0847	51.822	99.641	-2.9704	0.40861
25.28	1.1124	51.826	99.683	-0.57064	0.38985
25.28	1.1124	51.826	99.683	-0.57064	0.38985
24.98	1.1092	51.823	99.685	-0.56025	0.38812
24.98	1.1092	51.823	99.685	-0.56025	0.38812
24.68	1.1058	51.82	99.717	-0.56656	0.40373
24.68	1.1058	51.82	99.717	-0.56656	0.40373
24.379	1.1025	51.818	99.694	-0.56038	0.41466
24.379	1.1025	51.818	99.694	-0.56038	0.41466
24.077	1.0987	51.815	99.672	-0.5883	0.40763
24.077	1.0987	51.815	99.672	-0.5883	0.40763
23.776	1.0948	51.813	99.647	-0.61292	0.41124
23.776	1.0948	51.813	99.647	-0.61292	0.41124
23.475	1.0915	51.811	99.598	-0.60034	0.39778
23.475	1.0915	51.811	99.598	-0.60034	0.39778
23.173	1.0875	51.809	99.591	-0.62674	0.39303
23.173	1.0875	51.809	99.591	-0.62674	0.39303
22.872	1.0838	51.806	99.576	-0.62448	0.38233
22.872	1.0838	51.806	99.576	-0.62448	0.38233
22.57	1.0803	51.805	99.586	-0.62319	0.41364
22.57	1.0803	51.805	99.586	-0.62319	0.41364
22.269	1.0767	51.804	99.574	-0.62714	0.4257
22.269	1.0767	51.804	99.574	-0.62714	0.4257
21.969	1.0732	51.801	99.588	-0.61951	0.43022
21.969	1.0732	51.801	99.588	-0.61951	0.43022
21.669	1.07	51.8	99.612	-0.59586	0.44892
21.669	1.07	51.8	99.612	-0.59586	0.44892
21.368	1.0662	51.797	99.642	-0.60649	0.43471
21.368	1.0662	51.797	99.642	-0.60649	0.43471
21.067	1.0628	51.796	99.615	-0.59999	0.44804
21.067	1.0628	51.796	99.615	-0.59999	0.44804
20.767	1.0598	51.795	99.582	-0.57222	0.45822
20.767	1.0598	51.795	99.582	-0.57222	0.45822
20.467	1.0563	51.793	99.597	-0.56815	0.42489
20.467	1.0563	51.793	99.597	-0.56815	0.42489
20.166	1.0525	51.792	99.611	-0.59144	0.45217
20.166	1.0525	51.792	99.611	-0.59144	0.45217
19.864	1.0489	51.791	99.555	-0.6025	0.4648
19.864	1.0489	51.791	99.555	-0.6025	0.4648
19.563	1.045	51.79	99.571	-0.6154	0.46732
19.563	1.045	51.79	99.571	-0.6154	0.46732
19.262	1.0411	51.788	99.586	-0.63365	0.48206
19.262	1.0411	51.788	99.586	-0.63365	0.48206
18.962	1.0377	51.787	99.556	-0.61531	0.48897
18.962	1.0377	51.787	99.556	-0.61531	0.48897
18.661	1.0337	51.786	99.542	-0.63546	0.50399
18.661	1.0337	51.786	99.542	-0.63546	0.50399
18.362	1.0303	51.784	99.553	-0.61657	0.50476
18.362	1.0303	51.784	99.553	-0.61657	0.50476
18.062	1.0263	51.782	99.576	-0.6316	0.50353
18.062	1.0263	51.782	99.576	-0.6316	0.50353
17.762	1.0222	51.781	99.568	-0.64979	0.50346
17.762	1.0222	51.781	99.568	-0.64979	0.50346
17.462	1.0186	51.781	99.572	-0.6362	0.51533
17.462	1.0186	51.781	99.572	-0.6362	0.51533
17.162	1.0149	51.78	99.554	-0.63103	0.51643
17.162	1.0149	51.78	99.554	-0.63103	0.51643
16.861	1.0112	51.779	99.554	-0.62642	0.51422
16.861	1.0112	51.779	99.554	-0.62642	0.51422
16.561	1.0076	51.778	99.575	-0.61565	0.51516
16.561	1.0076	51.778	99.575	-0.61565	0.51516
16.261	1.004	51.777	99.537	-0.60895	0.49114
16.261	1.004	51.777	99.537	-0.60895	0.49114
15.961	1.0002	51.776	99.532	-0.61696	0.50317
15.961	1.0002	51.776	99.532	-0.61696	0.50317
15.66	0.99653	51.775	99.514	-0.61941	0.49691
15.66	0.99653	51.775	99.514	-0.61941	0.49691
15.359	0.99227	51.773	99.491	-0.64909	0.47858
15.359	0.99227	51.773	99.491	-0.64909	0.47858
15.057	0.98783	51.771	99.502	-0.68702	0.47305
15.057	0.98783	51.771	99.502	-0.68702	0.47305
14.757	0.98365	51.77	99.482	-0.69523	0.47265
14.757	0.98365	51.77	99.482	-0.69523	0.47265
14.456	0.97969	51.769	99.473	-0.69518	0.49764
14.456	0.97969	51.769	99.473	-0.69518	0.49764
14.156	0.97556	51.767	99.455	-0.69364	0.46963
14.156	0.97556	51.767	99.455	-0.69364	0.46963
13.855	0.97161	51.766	99.459	-0.68553	0.45925
13.855	0.97161	51.766	99.459	-0.68553	0.45925
13.554	0.96712	51.765	99.465	-0.71739	0.47272
13.554	0.96712	51.765	99.465	-0.71739	0.47272
13.254	0.96323	51.764	99.411	-0.70084	0.47464
13.254	0.96323	51.764	99.411	-0.70084	0.47464
12.953	0.95927	51.764	99.384	-0.69554	0.48939
12.953	0.95927	51.764	99.384	-0.69554	0.48939
12.652	0.9547	51.762	99.406	-0.72708	0.49166
12.652	0.9547	51.762	99.406	-0.72708	0.49166
12.351	0.95067	51.761	99.398	-0.71407	0.47482
12.351	0.95067	51.761	99.398	-0.71407	0.47482
12.05	0.9466	51.761	99.367	-0.71544	0.51591
12.05	0.9466	51.761	99.367	-0.71544	0.51591
11.749	0.94229	51.76	99.334	-0.72571	0.53092
11.749	0.94229	51.76	99.334	-0.72571	0.53092
11.448	0.93797	51.759	99.37	-0.73234	0.55857
11.448	0.93797	51.759	99.37	-0.73234	0.55857
11.147	0.93377	51.758	99.374	-0.72563	0.56723
11.147	0.93377	51.758	99.374	-0.72563	0.56723
10.846	0.92906	51.756	99.39	-0.74478	0.55434
10.846	0.92906	51.756	99.39	-0.74478	0.55434
10.545	0.92469	51.754	99.395	-0.74259	0.552
10.545	0.92469	51.754	99.395	-0.74259	0.552
10.244	0.92063	51.751	99.456	-0.72888	0.57028
10.244	0.92063	51.751	99.456	-0.72888	0.57028
9.9416	0.91575	51.749	99.483	-0.77049	0.59419
9.9416	0.91575	51.749	99.483	-0.77049	0.59419
9.6397	0.9113	51.747	99.428	-0.76029	0.56635
9.6397	0.9113	51.747	99.428	-0.76029	0.56635
9.3381	0.9072	51.746	99.407	-0.74094	0.58806
9.3381	0.9072	51.746	99.407	-0.74094	0.58806
9.0357	0.90238	51.744	99.351	-0.76094	0.55388
9.0357	0.90238	51.744	99.351	-0.76094	0.55388
8.7336	0.89748	51.743	99.353	-0.78153	0.51962
8.7336	0.89748	51.743	99.353	-0.78153	0.51962
8.4325	0.89357	51.742	99.37	-0.74285	0.5221
8.4325	0.89357	51.742	99.37	-0.74285	0.5221
8.1314	0.88958	51.739	99.406	-0.71836	0.49615
8.1314	0.88958	51.739	99.406	-0.71836	0.49615
7.8298	0.88561	51.739	99.41	-0.71104	0.51851
7.8298	0.88561	51.739	99.41	-0.71104	0.51851
7.5284	0.88151	51.737	99.426	-0.7019	0.49584
7.5284	0.88151	51.737	99.426	-0.7019	0.49584
7.2271	0.87786	51.735	99.479	-0.68095	0.52655
7.2271	0.87786	51.735	99.479	-0.68095	0.52655
6.9249	0.87368	51.733	99.496	-0.68795	0.5122
6.9249	0.87368	51.733	99.496	-0.68795	0.5122
6.6227	0.86975	51.731	99.485	-0.6799	0.5303
6.6227	0.86975	51.731	99.485	-0.6799	0.5303
6.321	0.8656	51.727	99.542	-0.67785	0.47385
6.321	0.8656	51.727	99.542	-0.67785	0.47385
6.0191	0.86169	51.725	99.564	-0.67453	0.46655
6.0191	0.86169	51.725	99.564	-0.67453	0.46655
5.7173	0.85786	51.722	99.551	-0.66858	0.46891
5.7173	0.85786	51.722	99.551	-0.66858	0.46891
5.416	0.85406	51.719	99.616	-0.65798	0.44705
5.416	0.85406	51.719	99.616	-0.65798	0.44705
5.114	0.85057	51.718	99.556	-0.63899	0.47993
5.114	0.85057	51.718	99.556	-0.63899	0.47993
4.8115	0.84622	51.715	99.591	-0.66816	0.46757
4.8115	0.84622	51.715	99.591	-0.66816	0.46757
4.5083	0.84182	51.714	99.603	-0.70307	0.51174
4.5083	0.84182	51.714	99.603	-0.70307	0.51174
4.2064	0.83768	51.71	99.608	-0.69475	0.46476
4.2064	0.83768	51.71	99.608	-0.69475	0.46476
3.8933	0.83354	51.738	97.608	-0.70339	0.45994
3.8933	0.83354	51.738	97.608	-0.70339	0.45994
3.5729	0.82891	51.81	93.638	-0.72868	0.42858
3.5729	0.82891	51.81	93.638	-0.72868	0.42858
3.2582	0.82435	51.905	89.659	-0.74178	0.37336
3.2582	0.82435	51.905	89.659	-0.74178	0.37336
2.9502	0.81938	52.021	85.664	-0.7676	0.30287
2.9502	0.81938	52.021	85.664	-0.7676	0.30287
2.6512	0.81476	52.16	81.618	-0.78096	0.26352
2.6512	0.81476	52.16	81.618	-0.78096	0.26352
2.3618	0.80952	52.317	77.646	-0.81967	0.19001
2.3618	0.80952	52.317	77.646	-0.81967	0.19001
2.0849	0.80507	52.495	73.679	-0.8112	0.1405
2.0849	0.80507	52.495	73.679	-0.8112	0.1405
1.8201	0.8001	52.691	69.659	-0.83214	0.061913
1.8201	0.8001	52.691	69.659	-0.83214	0.061913
1.5703	0.79554	52.907	65.633	-0.82767	0.0095396
1.5703	0.79554	52.907	65.633	-0.82767	0.0095396
1.3361	0.79101	53.139	61.599	-0.82861	-0.047345
1.3361	0.79101	53.139	61.599	-0.82861	-0.047345
1.1188	0.78663	53.387	57.614	-0.82185	-0.087899
1.1188	0.78663	53.387	57.614	-0.82185	-0.087899
0.91952	0.7829	53.649	53.604	-0.78521	-0.14052
0.91952	0.7829	53.649	53.604	-0.78521	-0.14052
0.73831	0.77859	53.924	49.578	-0.78789	-0.20531
0.73831	0.77859	53.924	49.578	-0.78789	-0.20531
0.57713	0.77503	54.211	45.601	-0.75519	-0.24752
0.57713	0.77503	54.211	45.601	-0.75519	-0.24752
0.43542	0.77131	54.508	41.633	-0.73993	-0.31087
0.43542	0.77131	54.508	41.633	-0.73993	-0.31087
0.31586	0.76793	54.815	37.623	-0.71442	-0.34279
0.31586	0.76793	54.815	37.623	-0.71442	-0.34279
0.21785	0.76498	55.128	33.625	-0.67294	-0.40187
0.21785	0.76498	55.128	33.625	-0.67294	-0.40187
0.14207	0.76238	55.448	29.653	-0.62939	-0.44169
0.14207	0.76238	55.448	29.653	-0.62939	-0.44169
0.087947	0.75965	55.773	25.684	-0.60507	-0.49889
0.087947	0.75965	55.773	25.684	-0.60507	-0.49889
0.05561	0.75692	56.1	21.757	-0.59113	-0.54601
0.05561	0.75692	56.1	21.757	-0.59113	-0.54601
0.046441	0.75443	56.429	17.774	-0.5703	-0.60137
0.046441	0.75443	56.429	17.774	-0.5703	-0.60137
0.061053	0.7521	56.757	13.79	-0.55738	-0.6072
0.061053	0.7521	56.757	13.79	-0.55738	-0.6072
0.097016	0.74982	57.084	9.8486	-0.53581	-0.65827
0.097016	0.74982	57.084	9.8486	-0.53581	-0.65827
0.093333	0.74751	57.385	9.8445	-0.54552	-0.63613
0.093333	0.74751	57.385	9.8445	-0.54552	-0.63613
0.089999	0.74518	57.687	9.826	-0.54451	-0.63317
0.089999	0.74518	57.687	9.826	-0.54451	-0.63317
0.086126	0.74281	57.989	9.8185	-0.54379	-0.65392
0.086126	0.74281	57.989	9.8185	-0.54379	-0.65392
0.082572	0.74117	58.29	9.8213	-0.50315	-0.65149
0.082572	0.74117	58.29	9.8213	-0.50315	-0.65149
0.079321	0.73888	58.592	9.8265	-0.51693	-0.62209
0.079321	0.73888	58.592	9.8265	-0.51693	-0.62209
0.07598	0.7367	58.895	9.7946	-0.51166	-0.63391
0.07598	0.7367	58.895	9.7946	-0.51166	-0.63391
0.07269	0.73477	59.197	9.8286	-0.50319	-0.60187
0.07269	0.73477	59.197	9.8286	-0.50319	-0.60187
0.068787	0.73247	59.499	9.8055	-0.50477	-0.63091
0.068787	0.73247	59.499	9.8055	-0.50477	-0.63091
0.065123	0.73016	59.801	9.7695	-0.50843	-0.65724
0.065123	0.73016	59.801	9.7695	-0.50843	-0.65724
0.061075	0.72775	60.104	9.7764	-0.52013	-0.67968
0.061075	0.72775	60.104	9.7764	-0.52013	-0.67968
0.057564	0.72552	60.406	9.7746	-0.52233	-0.68311
0.057564	0.72552	60.406	9.7746	-0.52233	-0.68311
0.054513	0.72392	60.707	9.7458	-0.48224	-0.69049
0.054513	0.72392	60.707	9.7458	-0.48224	-0.69049
0.051891	0.72184	61.01	9.7186	-0.4931	-0.67927
0.051891	0.72184	61.01	9.7186	-0.4931	-0.67927
0.049415	0.71998	61.312	9.715	-0.4882	-0.66056
0.049415	0.71998	61.312	9.715	-0.4882	-0.66056
0.046553	0.71805	61.614	9.7175	-0.48714	-0.64091
0.046553	0.71805	61.614	9.7175	-0.48714	-0.64091
0.043448	0.71611	61.916	9.7112	-0.47793	-0.653
0.043448	0.71611	61.916	9.7112	-0.47793	-0.653
0.040522	0.71456	62.217	9.7236	-0.45122	-0.65351
0.040522	0.71456	62.217	9.7236	-0.45122	-0.65351
0.03679	0.71283	62.519	9.7279	-0.43864	-0.68534
0.03679	0.71283	62.519	9.7279	-0.43864	-0.68534
0.033664	0.71126	62.821	9.7222	-0.42657	-0.68855
0.033664	0.71126	62.821	9.7222	-0.42657	-0.68855
0.030353	0.71004	63.121	9.7402	-0.39937	-0.69321
0.030353	0.71004	63.121	9.7402	-0.39937	-0.69321
0.026328	0.70831	63.423	9.765	-0.40255	-0.72033
0.026328	0.70831	63.423	9.765	-0.40255	-0.72033
0.02283	0.70685	63.725	9.8138	-0.39919	-0.70077
0.02283	0.70685	63.725	9.8138	-0.39919	-0.70077
0.019112	0.70475	64.027	9.8073	-0.42547	-0.72212
0.019112	0.70475	64.027	9.8073	-0.42547	-0.72212
0.01609	0.70379	64.329	9.8009	-0.38766	-0.70953
0.01609	0.70379	64.329	9.8009	-0.38766	-0.70953
0.011848	0.70253	64.63	9.8504	-0.37422	-0.71877
0.011848	0.70253	64.63	9.8504	-0.37422	-0.71877
0.008019	0.70127	64.931	9.8352	-0.36058	-0.74102
0.008019	0.70127	64.931	9.8352	-0.36058	-0.74102
0.0041071	0.70013	65.233	9.8579	-0.35109	-0.73933
0.0041071	0.70013	65.233	9.8579	-0.35109	-0.73933
0.0002327	0.69953	65.535	9.8654	-0.31359	-0.73097
0.0002327	0.69953	65.535	9.8654	-0.31359	-0.73097
-0.0044017	0.6981	65.838	9.8451	-0.32415	-0.76688
-0.0044017	0.6981	65.838	9.8451	-0.32415	-0.76688
-0.0086232	0.69774	66.139	9.87	-0.27881	-0.75361
-0.0086232	0.69774	66.139	9.87	-0.27881	-0.75361
-0.013127	0.6966	66.442	9.8941	-0.29621	-0.74476
-0.013127	0.6966	66.442	9.8941	-0.29621	-0.74476
-0.016479	0.69556	66.744	9.8662	-0.30249	-0.71966