0	0	0	0	0	0
0	0	0	0	0	0
0	0	0	0	0	0
-6.5111e-05	-7.1321e-05	0.30013	-0.022933	-0.021489	0.009086
-6.5111e-05	-7.1321e-05	0.30013	-0.022933	-0.021489	0.009086
0.00045402	-0.00031351	0.60086	-0.0050201	-0.020905	0.047786
0.00045402	-0.00031351	0.60086	-0.0050201	-0.020905	0.047786
0.0005304	-0.00067606	0.90082	-0.013923	-0.036936	0.063382
0.0005304	-0.00067606	0.90082	-0.013923	-0.036936	0.063382
7.5189e-05	-0.0011072	1.1996	-0.028135	-0.05998	0.036919
7.5189e-05	-0.0011072	1.1996	-0.028135	-0.05998	0.036919
-0.00081558	-0.0017081	1.4982	0.0075271	-0.056496	0.04785
-0.00081558	-0.0017081	1.4982	0.0075271	-0.056496	0.04785
-0.0021292	-0.0023505	1.7967	0.012738	-0.067227	0.057177
-0.0021292	-0.0023505	1.7967	0.012738	-0.067227	0.057177
-0.0024891	-0.0031054	2.0954	0.036169	-0.084987	0.070484
-0.0024891	-0.0031054	2.0954	0.036169	-0.084987	0.070484
-0.0026833	-0.0038689	2.3932	-0.0055643	-0.082783	0.077132
-0.0026833	-0.0038689	2.3932	-0.0055643	-0.082783	0.077132
-0.0028681	-0.0045333	2.6907	-0.017385	-0.060399	0.056972
-0.0028681	-0.0045333	2.6907	-0.017385	-0.060399	0.056972
-0.0032787	-0.005169	2.9882	-0.019428	-0.055805	0.031918
-0.0032787	-0.005169	2.9882	-0.019428	-0.055805	0.031918
-0.0039736	-0.0057011	3.2856	-0.052953	-0.063884	0.058646
-0.0039736	-0.0057011	3.2856	-0.052953	-0.063884	0.058646
-0.0051348	-0.0063758	3.5815	-0.064087	-0.062026	0.070934
-0.0051348	-0.0063758	3.5815	-0.064087	-0.062026	0.070934
-0.0079882	-0.0071206	3.8771	-0.045688	-0.071194	0.052683
-0.0079882	-0.0071206	3.8771	-0.045688	-0.071194	0.052683
-0.011224	-0.0078001	4.173	-0.05187	-0.063638	0.031239
-0.011224	-0.0078001	4.173	-0.05187	-0.063638	0.031239
-0.013895	-0.0083626	4.4691	-0.075018	-0.07655	0.035479
-0.013895	-0.0083626	4.4691	-0.075018	-0.07655	0.035479
-0.016842	-0.0091228	4.7656	-0.095669	-0.076767	0.038769
-0.016842	-0.0091228	4.7656	-0.095669	-0.076767	0.038769
-0.020721	-0.0099826	5.0619	-0.084127	-0.053469	0.021378
-0.020721	-0.0099826	5.0619	-0.084127	-0.053469	0.021378
-0.025228	-0.010654	5.357	-0.062757	-0.042271	-0.011728
-0.025228	-0.010654	5.357	-0.062757	-0.042271	-0.011728
-0.029974	-0.011196	5.6522	-0.039149	-0.041999	-0.011355
-0.029974	-0.011196	5.6522	-0.039149	-0.041999	-0.011355
-0.035141	-0.011568	5.9476	-0.063936	-0.037249	-0.00332
-0.035141	-0.011568	5.9476	-0.063936	-0.037249	-0.00332
-0.039677	-0.011835	6.2429	-0.085805	-0.057794	-0.0022748
-0.039677	-0.011835	6.2429	-0.085805	-0.057794	-0.0022748
-0.044207	-0.012128	6.5385	-0.073217	-0.057909	-0.0047563
-0.044207	-0.012128	6.5385	-0.073217	-0.057909	-0.0047563
-0.048837	-0.012589	6.834	-0.043802	-0.087464	-0.025124
-0.048837	-0.012589	6.834	-0.043802	-0.087464	-0.025124
-0.053455	-0.01319	7.1302	-0.061013	-0.09233	-0.054656
-0.053455	-0.01319	7.1302	-0.061013	-0.09233	-0.054656
-0.057533	-0.013722	7.4256	-0.059284	-0.092869	-0.077386
-0.057533	-0.013722	7.4256	-0.059284	-0.092869	-0.077386
-0.061	-0.01415	7.7214	-0.042623	-0.078112	-0.093968
-0.061	-0.01415	7.7214	-0.042623	-0.078112	-0.093968
-0.063305	-0.014311	8.0173	-0.025383	-0.073383	-0.066491
-0.063305	-0.014311	8.0173	-0.025383	-0.073383	-0.066491
-0.065135	-0.01442	8.3137	-0.016633	-0.053888	-0.05983
-0.065135	-0.01442	8.3137	-0.016633	-0.053888	-0.05983
-0.067991	-0.014526	8.6112	-0.003434	-0.083385	-0.066211
-0.067991	-0.014526	8.6112	-0.003434	-0.083385	-0.066211
-0.070707	-0.01469	8.9086	-0.016572	-0.072966	-0.054359
-0.070707	-0.01469	8.9086	-0.016572	-0.072966	-0.054359
-0.072121	-0.014815	9.2061	-0.011828	-0.058089	-0.082886
-0.072121	-0.014815	9.2061	-0.011828	-0.058089	-0.082886
-0.073021	-0.014898	9.5042	0.0054428	-0.057044	-0.082546
-0.073021	-0.014898	9.5042	0.0054428	-0.057044	-0.082546
-0.073912	-0.014978	9.8032	-0.013406	-0.046645	-0.079325
-0.073912	-0.014978	9.8032	-0.013406	-0.046645	-0.079325
-0.073704	-0.015044	10.102	-0.01859	-0.056929	-0.10301
-0.073704	-0.015044	10.102	-0.01859	-0.056929	-0.10301
-0.072605	-0.015188	10.4	-0.0092334	-0.05432	-0.096146
-0.072605	-0.015188	10.4	-0.0092334	-0.05432	-0.096146
-0.070839	-0.015327	10.698	-0.0080528	-0.055231	-0.091576
-0.070839	-0.015327	10.698	-0.0080528	-0.055231	-0.091576
-0.068963	-0.015377	10.996	-0.015225	-0.046489	-0.11074
-0.068963	-0.015377	10.996	-0.015225	-0.046489	-0.11074
-0.067436	-0.015328	11.294	-0.029052	-0.042111	-0.10121
-0.067436	-0.015328	11.294	-0.029052	-0.042111	-0.10121
-0.066196	-0.015301	11.592	-0.012209	-0.058501	-0.12427
-0.066196	-0.015301	11.592	-0.012209	-0.058501	-0.12427
-0.064698	-0.01524	11.891	0.010366	-0.039609	-0.12522
-0.064698	-0.01524	11.891	0.010366	-0.039609	-0.12522
-0.063189	-0.015232	12.189	0.032726	-0.057083	-0.13818
-0.063189	-0.015232	12.189	0.032726	-0.057083	-0.13818
-0.061467	-0.01519	12.488	0.039951	-0.035448	-0.14143
-0.061467	-0.01519	12.488	0.039951	-0.035448	-0.14143
-0.060247	-0.015092	12.786	0.017362	-0.0095478	-0.10499
-0.060247	-0.015092	12.786	0.017362	-0.0095478	-0.10499
-0.059546	-0.014864	13.084	0.0088156	-0.028604	-0.10561
-0.059546	-0.014864	13.084	0.0088156	-0.028604	-0.10561
-0.059069	-0.014533	13.381	0.014331	-0.022138	-0.091396
-0.059069	-0.014533	13.381	0.014331	-0.022138	-0.091396
-0.057511	-0.014078	13.678	0.0089614	-0.025416	-0.10491
-0.057511	-0.014078	13.678	0.0089614	-0.025416	-0.10491
-0.055677	-0.013751	13.974	0.015059	-0.048692	-0.09368
-0.055677	-0.013751	13.974	0.015059	-0.048692	-0.09368
-0.053794	-0.013516	14.27	0.02441	-0.034915	-0.09852
-0.053794	-0.013516	14.27	0.02441	-0.034915	-0.09852
-0.052454	-0.013408	14.566	0.017409	-0.059053	-0.098064
-0.052454	-0.013408	14.566	0.017409	-0.059053	-0.098064
-0.05175	-0.01341	14.862	0.058635	-0.048551	-0.10155
-0.05175	-0.01341	14.862	0.058635	-0.048551	-0.10155
-0.050071	-0.013497	15.159	0.066123	-0.070524	-0.081841
-0.050071	-0.013497	15.159	0.066123	-0.070524	-0.081841
-0.04811	-0.013498	15.456	0.08948	-0.10089	-0.08458
-0.04811	-0.013498	15.456	0.08948	-0.10089	-0.08458
-0.046002	-0.013718	15.754	0.091468	-0.13743	-0.087716
-0.046002	-0.013718	15.754	0.091468	-0.13743	-0.087716
-0.04387	-0.014037	16.051	0.043979	-0.13319	-0.096331
-0.04387	-0.014037	16.051	0.043979	-0.13319	-0.096331
-0.041369	-0.01436	16.347	0.028554	-0.14685	-0.11893
-0.041369	-0.01436	16.347	0.028554	-0.14685	-0.11893
-0.039118	-0.014484	16.643	0.0027542	-0.15018	-0.14295
-0.039118	-0.014484	16.643	0.0027542	-0.15018	-0.14295
-0.037411	-0.01463	16.94	-0.011243	-0.15536	-0.13448
-0.037411	-0.01463	16.94	-0.011243	-0.15536	-0.13448
-0.034866	-0.014684	17.238	-0.035422	-0.13258	-0.13127
-0.034866	-0.014684	17.238	-0.035422	-0.13258	-0.13127
-0.031623	-0.01463	17.536	-0.046149	-0.11578	-0.12805
-0.031623	-0.01463	17.536	-0.046149	-0.11578	-0.12805
-0.028796	-0.014621	17.834	-0.037685	-0.10731	-0.14161
-0.028796	-0.014621	17.834	-0.037685	-0.10731	-0.14161
-0.026378	-0.0145	18.131	-0.046979	-0.10133	-0.17182
-0.026378	-0.0145	18.131	-0.046979	-0.10133	-0.17182
-0.024825	-0.014385	18.429	-0.05154	-0.096892	-0.13619
-0.024825	-0.014385	18.429	-0.05154	-0.096892	-0.13619
-0.024363	-0.014256	18.727	-0.066506	-0.1155	-0.13655
-0.024363	-0.014256	18.727	-0.066506	-0.1155	-0.13655
-0.024074	-0.014215	19.025	-0.046963	-0.083183	-0.12092
-0.024074	-0.014215	19.025	-0.046963	-0.083183	-0.12092
-0.022788	-0.014168	19.323	-0.047985	-0.066165	-0.13894
-0.022788	-0.014168	19.323	-0.047985	-0.066165	-0.13894
-0.020611	-0.014113	19.62	-0.049751	-0.061873	-0.14889
-0.020611	-0.014113	19.62	-0.049751	-0.061873	-0.14889
-0.017493	-0.013824	19.918	-0.037045	-0.031312	-0.14174
-0.017493	-0.013824	19.918	-0.037045	-0.031312	-0.14174
-0.013647	-0.013494	20.217	-0.028137	-0.024018	-0.1389
-0.013647	-0.013494	20.217	-0.028137	-0.024018	-0.1389
-0.010814	-0.013255	20.517	-0.012426	-0.026118	-0.11361
-0.010814	-0.013255	20.517	-0.012426	-0.026118	-0.11361
-0.0083518	-0.013035	20.817	-0.014005	-0.0041673	-0.10319
-0.0083518	-0.013035	20.817	-0.014005	-0.0041673	-0.10319
-0.0051518	-0.012677	21.118	-0.023332	0.0074657	-0.089658
-0.0051518	-0.012677	21.118	-0.023332	0.0074657	-0.089658
-0.0024771	-0.012179	21.418	-0.017783	0.00836	-0.093215
-0.0024771	-0.012179	21.418	-0.017783	0.00836	-0.093215
-0.0012912	-0.011662	21.718	0.0094391	0.029581	-0.094834
-0.0012912	-0.011662	21.718	0.0094391	0.029581	-0.094834
-0.00084761	-0.010982	22.018	0.049716	0.023435	-0.086297
-0.00084761	-0.010982	22.018	0.049716	0.023435	-0.086297
0.0005347	-0.01027	22.318	0.03309	0.031043	-0.079139
0.0005347	-0.01027	22.318	0.03309	0.031043	-0.079139
0.0030571	-0.0093991	22.618	-0.0091147	0.033039	-0.043879
0.0030571	-0.0093991	22.618	-0.0091147	0.033039	-0.043879
0.0064947	-0.0086929	22.917	-0.032793	0.0042149	-0.041063
0.0064947	-0.0086929	22.917	-0.032793	0.0042149	-0.041063
0.0095957	-0.0082521	23.217	-0.032175	-0.0039778	-0.024954
0.0095957	-0.0082521	23.217	-0.032175	-0.0039778	-0.024954
0.012424	-0.0076111	23.516	-0.043717	-0.016401	-0.031727
0.012424	-0.0076111	23.516	-0.043717	-0.016401	-0.031727
0.015361	-0.0070154	23.815	-0.0047664	-0.027687	-0.044562
0.015361	-0.0070154	23.815	-0.0047664	-0.027687	-0.044562
0.017304	-0.0066405	24.114	-0.029115	-0.04675	-0.037546
0.017304	-0.0066405	24.114	-0.029115	-0.04675	-0.037546
0.019102	-0.0064156	24.412	-0.0323	-0.036641	-0.059112
0.019102	-0.0064156	24.412	-0.0323	-0.036641	-0.059112
0.019342	-0.0060843	24.71	-0.0015127	-0.011144	-0.042235
0.019342	-0.0060843	24.71	-0.0015127	-0.011144	-0.042235
0.019599	-0.0057006	25.009	0.020374	-0.035587	-0.03062
0.019599	-0.0057006	25.009	0.020374	-0.035587	-0.03062
0.019987	-0.0054411	25.308	0.035467	-0.054649	-0.00052261
0.019987	-0.0054411	25.308	0.035467	-0.054649	-0.00052261
0.020387	-0.0052087	25.607	0.016821	-0.047544	-0.0037413
0.020387	-0.0052087	25.607	0.016821	-0.047544	-0.0037413
0.020401	-0.004959	25.908	0.019993	-0.038953	-0.0048638
0.020401	-0.004959	25.908	0.019993	-0.038953	-0.0048638
0.020364	-0.0046802	26.208	0.029268	-0.04087	-0.017753
0.020364	-0.0046802	26.208	0.029268	-0.04087	-0.017753
0.020236	-0.0043666	26.509	0.033543	-0.037447	-0.027754
0.020236	-0.0043666	26.509	0.033543	-0.037447	-0.027754
0.01915	-0.0040348	26.809	0.060939	-0.052653	-0.01883
0.01915	-0.0040348	26.809	0.060939	-0.052653	-0.01883
0.016099	-0.0034782	27.111	0.071177	-0.03078	-0.03406
0.016099	-0.0034782	27.111	0.071177	-0.03078	-0.03406
0.012879	-0.0027763	27.412	0.10134	-0.0010985	-0.048485
0.012879	-0.0027763	27.412	0.10134	-0.0010985	-0.048485
0.010371	-0.001941	27.713	0.12033	0.0044897	-0.046336
0.010371	-0.001941	27.713	0.12033	0.0044897	-0.046336
0.0087734	-0.0011	28.014	0.11308	0.0059082	-0.065396
0.0087734	-0.0011	28.014	0.11308	0.0059082	-0.065396
0.008127	-0.00019972	28.314	0.12777	0.032492	-0.064474
0.008127	-0.00019972	28.314	0.12777	0.032492	-0.064474
0.0084873	0.0006773	28.614	0.11302	0.040334	-0.068167
0.0084873	0.0006773	28.614	0.11302	0.040334	-0.068167
0.0098083	0.0015513	28.914	0.10281	0.069486	-0.075736
0.0098083	0.0015513	28.914	0.10281	0.069486	-0.075736
0.01172	0.0023067	29.214	0.078769	0.076726	-0.077984
0.01172	0.0023067	29.214	0.078769	0.076726	-0.077984
0.014174	0.0029707	29.515	0.092671	0.077762	-0.094738
0.014174	0.0029707	29.515	0.092671	0.077762	-0.094738
0.016898	0.0035364	29.815	0.091617	0.026676	-0.10785
0.016898	0.0035364	29.815	0.091617	0.026676	-0.10785
0.019136	0.0038948	30.114	0.090256	0.031465	-0.090156
0.019136	0.0038948	30.114	0.090256	0.031465	-0.090156
0.020697	0.0041052	30.414	0.078231	0.035734	-0.080081
0.020697	0.0041052	30.414	0.078231	0.035734	-0.080081
0.022291	0.0044522	30.712	0.087978	0.049375	-0.10547
0.022291	0.0044522	30.712	0.087978	0.049375	-0.10547
0.023765	0.0048098	31.009	0.099714	0.02599	-0.11152
0.023765	0.0048098	31.009	0.099714	0.02599	-0.11152
0.02582	0.0049928	31.306	0.11922	0.038715	-0.091268
0.02582	0.0049928	31.306	0.11922	0.038715	-0.091268
0.027431	0.0052289	31.604	0.13858	0.057703	-0.11741
0.027431	0.0052289	31.604	0.13858	0.057703	-0.11741
0.028078	0.0057107	31.903	0.15828	0.046829	-0.11884
0.028078	0.0057107	31.903	0.15828	0.046829	-0.11884
0.029716	0.0062631	32.203	0.1396	0.050799	-0.11618
0.029716	0.0062631	32.203	0.1396	0.050799	-0.11618
0.031522	0.0069644	32.502	0.14728	0.044578	-0.13286
0.031522	0.0069644	32.502	0.14728	0.044578	-0.13286
0.032593	0.0076717	32.803	0.13977	0.057739	-0.14289
0.032593	0.0076717	32.803	0.13977	0.057739	-0.14289
0.033315	0.0084174	33.103	0.14806	0.060053	-0.17233
0.033315	0.0084174	33.103	0.14806	0.060053	-0.17233
0.033989	0.0090871	33.403	0.114	0.081242	-0.17536
0.033989	0.0090871	33.403	0.114	0.081242	-0.17536
0.034777	0.0098089	33.703	0.10921	0.094243	-0.17289
0.034777	0.0098089	33.703	0.10921	0.094243	-0.17289
0.035528	0.010687	34.004	0.12289	0.10737	-0.16686
0.035528	0.010687	34.004	0.12289	0.10737	-0.16686
0.036571	0.011491	34.305	0.098168	0.10782	-0.1816
0.036571	0.011491	34.305	0.098168	0.10782	-0.1816
0.037592	0.012265	34.606	0.092377	0.093679	-0.20315
0.037592	0.012265	34.606	0.092377	0.093679	-0.20315
0.038501	0.012907	34.907	0.10625	0.08873	-0.2327
0.038501	0.012907	34.907	0.10625	0.08873	-0.2327
0.03883	0.013421	35.208	0.10278	0.079755	-0.23322
0.03883	0.013421	35.208	0.10278	0.079755	-0.23322
0.04022	0.013896	35.509	0.081351	0.07766	-0.22955
0.04022	0.013896	35.509	0.081351	0.07766	-0.22955
0.041729	0.014431	35.811	0.098101	0.063427	-0.23352
0.041729	0.014431	35.811	0.098101	0.063427	-0.23352
0.042926	0.015191	36.113	0.077838	0.094842	-0.22014
0.042926	0.015191	36.113	0.077838	0.094842	-0.22014
0.04417	0.016151	36.415	0.058315	0.073644	-0.20584
0.04417	0.016151	36.415	0.058315	0.073644	-0.20584
0.045246	0.01736	36.718	0.020978	0.10753	-0.20615
0.045246	0.01736	36.718	0.020978	0.10753	-0.20615
0.045154	0.018666	37.02	0.018837	0.10263	-0.22288
0.045154	0.018666	37.02	0.018837	0.10263	-0.22288
0.045148	0.019968	37.324	0.0071887	0.11373	-0.23609
0.045148	0.019968	37.324	0.0071887	0.11373	-0.23609
0.045571	0.021271	37.627	0.0079107	0.1216	-0.22519
0.045571	0.021271	37.627	0.0079107	0.1216	-0.22519
0.045117	0.022537	37.93	0.008044	0.089941	-0.25795
0.045117	0.022537	37.93	0.008044	0.089941	-0.25795
0.044139	0.023615	38.233	0.0066572	0.093722	-0.2387
0.044139	0.023615	38.233	0.0066572	0.093722	-0.2387
0.042626	0.024622	38.536	0.00046589	0.088855	-0.23206
0.042626	0.024622	38.536	0.00046589	0.088855	-0.23206
0.041296	0.02562	38.839	-0.030047	0.10185	-0.20248
0.041296	0.02562	38.839	-0.030047	0.10185	-0.20248
0.039693	0.026487	39.142	-0.031501	0.087424	-0.18116
0.039693	0.026487	39.142	-0.031501	0.087424	-0.18116
0.037044	0.027089	39.445	-0.0040273	0.059588	-0.15861
0.037044	0.027089	39.445	-0.0040273	0.059588	-0.15861
0.033867	0.027466	39.748	0.0057916	0.027996	-0.15523
0.033867	0.027466	39.748	0.0057916	0.027996	-0.15523
0.030338	0.027843	40.049	-0.0087659	0.036245	-0.16584
0.030338	0.027843	40.049	-0.0087659	0.036245	-0.16584
0.026582	0.028247	40.352	-0.044177	0.052488	-0.18078
0.026582	0.028247	40.352	-0.044177	0.052488	-0.18078
0.023483	0.02851	40.655	-0.054802	-0.0035546	-0.17092
0.023483	0.02851	40.655	-0.054802	-0.0035546	-0.17092
0.020321	0.028553	40.959	-0.057813	-0.0094776	-0.19457
0.020321	0.028553	40.959	-0.057813	-0.0094776	-0.19457
0.017179	0.02847	41.262	-0.059312	-0.032127	-0.18977
0.017179	0.02847	41.262	-0.059312	-0.032127	-0.18977
0.013053	0.02851	41.564	-0.043975	-0.017487	-0.20114
0.013053	0.02851	41.564	-0.043975	-0.017487	-0.20114
0.0095562	0.028537	41.867	-0.013469	0.00051844	-0.20438
0.0095562	0.028537	41.867	-0.013469	0.00051844	-0.20438
0.0060513	0.028713	42.171	0.0078111	0.022971	-0.22497
0.0060513	0.028713	42.171	0.0078111	0.022971	-0.22497
0.0025846	0.02883	42.474	0.020722	0.0042158	-0.23649
0.0025846	0.02883	42.474	0.020722	0.0042158	-0.23649
-0.00042144	0.028766	42.777	0.031188	-0.0059461	-0.21028
-0.00042144	0.028766	42.777	0.031188	-0.0059461	-0.21028
-0.0035842	0.028666	43.08	0.027519	0.0028877	-0.19674
-0.0035842	0.028666	43.08	0.027519	0.0028877	-0.19674
-0.0063085	0.028442	43.383	0.057044	-0.0096207	-0.20688
-0.0063085	0.028442	43.383	0.057044	-0.0096207	-0.20688
-0.0085899	0.028183	43.686	0.048669	-0.038377	-0.2131
-0.0085899	0.028183	43.686	0.048669	-0.038377	-0.2131
-0.010916	0.028021	43.988	0.044169	-0.044734	-0.20784
-0.010916	0.028021	43.988	0.044169	-0.044734	-0.20784
-0.014072	0.027765	44.288	0.048689	-0.042378	-0.22798
-0.014072	0.027765	44.288	0.048689	-0.042378	-0.22798
-0.017504	0.027274	44.587	0.034175	-0.075842	-0.23297
-0.017504	0.027274	44.587	0.034175	-0.075842	-0.23297
-0.02094	0.026752	44.886	0.050486	-0.064425	-0.26042
-0.02094	0.026752	44.886	0.050486	-0.064425	-0.26042
-0.023866	0.026332	45.185	0.047331	-0.044614	-0.29263
-0.023866	0.026332	45.185	0.047331	-0.044614	-0.29263
-0.026086	0.025991	45.483	0.044747	-0.060588	-0.3032
-0.026086	0.025991	45.483	0.044747	-0.060588	-0.3032
-0.028498	0.025471	45.783	0.047959	-0.077867	-0.30145
-0.028498	0.025471	45.783	0.047959	-0.077867	-0.30145
-0.030918	0.025097	46.083	0.051428	-0.090288	-0.31055
-0.030918	0.025097	46.083	0.051428	-0.090288	-0.31055
-0.032657	0.024797	46.383	0.061814	-0.050067	-0.31312
-0.032657	0.024797	46.383	0.061814	-0.050067	-0.31312
-0.034869	0.024585	46.684	0.063763	-0.047108	-0.32201
-0.034869	0.024585	46.684	0.063763	-0.047108	-0.32201
-0.036465	0.024191	46.983	0.081168	-0.078171	-0.28687
-0.036465	0.024191	46.983	0.081168	-0.078171	-0.28687
-0.038914	0.023681	47.283	0.081366	-0.090086	-0.29872
-0.038914	0.023681	47.283	0.081366	-0.090086	-0.29872
-0.04236	0.023168	47.583	0.12773	-0.057059	-0.32028
-0.04236	0.023168	47.583	0.12773	-0.057059	-0.32028
-0.045556	0.022817	47.883	0.12894	-0.043018	-0.35023
-0.045556	0.022817	47.883	0.12894	-0.043018	-0.35023
-0.048563	0.022323	48.184	0.13189	-0.037595	-0.3697
-0.048563	0.022323	48.184	0.13189	-0.037595	-0.3697
-0.05261	0.021728	48.484	0.17052	-0.029744	-0.39058
-0.05261	0.021728	48.484	0.17052	-0.029744	-0.39058
-0.056831	0.021095	48.785	0.18761	-0.026748	-0.38421
-0.056831	0.021095	48.785	0.18761	-0.026748	-0.38421
-0.061143	0.020355	49.086	0.17866	-0.054059	-0.36127
-0.061143	0.020355	49.086	0.17866	-0.054059	-0.36127
-0.066825	0.019369	49.386	0.14194	-0.077389	-0.38756
-0.066825	0.019369	49.386	0.14194	-0.077389	-0.38756
-0.072072	0.018314	49.685	0.15177	-0.069258	-0.38975
-0.072072	0.018314	49.685	0.15177	-0.069258	-0.38975
-0.076928	0.017172	49.983	0.13629	-0.083999	-0.38504
-0.076928	0.017172	49.983	0.13629	-0.083999	-0.38504
-0.082607	0.015933	50.282	0.12513	-0.082435	-0.37041
-0.082607	0.015933	50.282	0.12513	-0.082435	-0.37041
-0.087986	0.014848	50.582	0.10563	-0.067953	-0.37246
-0.087986	0.014848	50.582	0.10563	-0.067953	-0.37246
-0.09363	0.013888	50.881	0.12086	-0.052261	-0.3795
-0.09363	0.013888	50.881	0.12086	-0.052261	-0.3795
-0.098293	0.013078	51.179	0.1006	-0.056749	-0.39916
-0.098293	0.013078	51.179	0.1006	-0.056749	-0.39916
-0.10207	0.012256	51.476	0.10289	-0.047983	-0.35237
-0.10207	0.012256	51.476	0.10289	-0.047983	-0.35237
-0.1058	0.011515	51.774	0.090632	-0.077167	-0.37644
-0.1058	0.011515	51.774	0.090632	-0.077167	-0.37644
-0.10912	0.010776	52.07	0.038057	-0.069455	-0.41094
-0.10912	0.010776	52.07	0.038057	-0.069455	-0.41094
-0.11201	0.010181	52.365	0.034516	-0.050287	-0.43116
-0.11201	0.010181	52.365	0.034516	-0.050287	-0.43116
-0.11481	0.009595	52.66	0.027718	-0.065115	-0.4412
-0.11481	0.009595	52.66	0.027718	-0.065115	-0.4412
-0.11781	0.0086801	52.953	0.026207	-0.10276	-0.43933
-0.11781	0.0086801	52.953	0.026207	-0.10276	-0.43933
-0.12089	0.0077697	53.246	0.0089095	-0.09027	-0.42662
-0.12089	0.0077697	53.246	0.0089095	-0.09027	-0.42662
-0.12404	0.0067278	53.539	0.015736	-0.12376	-0.4062
-0.12404	0.0067278	53.539	0.015736	-0.12376	-0.4062
-0.12632	0.0054951	53.833	0.041298	-0.1389	-0.40817
-0.12632	0.0054951	53.833	0.041298	-0.1389	-0.40817
-0.12842	0.0043332	54.126	0.0267	-0.1274	-0.40144
-0.12842	0.0043332	54.126	0.0267	-0.1274	-0.40144
-0.13012	0.0032561	54.421	-0.0026957	-0.10919	-0.39013
-0.13012	0.0032561	54.421	-0.0026957	-0.10919	-0.39013
-0.13239	0.0022461	54.715	-0.022239	-0.11987	-0.39991
-0.13239	0.0022461	54.715	-0.022239	-0.11987	-0.39991
-0.13428	0.0011527	55.009	-0.010091	-0.12141	-0.36307
-0.13428	0.0011527	55.009	-0.010091	-0.12141	-0.36307
-0.13653	3.9003e-05	55.303	-0.014118	-0.12628	-0.35625
-0.13653	3.9003e-05	55.303	-0.014118	-0.12628	-0.35625
-0.13932	-0.0010549	55.596	-0.015779	-0.11957	-0.34687
-0.13932	-0.0010549	55.596	-0.015779	-0.11957	-0.34687
-0.14232	-0.0021905	55.889	-0.024014	-0.11861	-0.35225
-0.14232	-0.0021905	55.889	-0.024014	-0.11861	-0.35225
-0.1463	-0.0032451	56.18	-0.011134	-0.10907	-0.34611
-0.1463	-0.0032451	56.18	-0.011134	-0.10907	-0.34611
-0.15026	-0.0044209	56.471	-0.016914	-0.095947	-0.34746
-0.15026	-0.0044209	56.471	-0.016914	-0.095947	-0.34746
-0.15346	-0.0056727	56.762	-0.00069175	-0.11082	-0.33404
-0.15346	-0.0056727	56.762	-0.00069175	-0.11082	-0.33404
-0.15638	-0.0070941	57.052	-0.005382	-0.10206	-0.33816
-0.15638	-0.0070941	57.052	-0.005382	-0.10206	-0.33816
-0.15907	-0.0084609	57.341	-0.015475	-0.072027	-0.33608
-0.15907	-0.0084609	57.341	-0.015475	-0.072027	-0.33608
-0.16227	-0.0097071	57.631	0.0026845	-0.038815	-0.33826
-0.16227	-0.0097071	57.631	0.0026845	-0.038815	-0.33826
-0.16586	-0.010822	57.921	0.036222	-0.025484	-0.31053
-0.16586	-0.010822	57.921	0.036222	-0.025484	-0.31053
-0.17007	-0.011882	58.211	0.047258	-0.024546	-0.29412
-0.17007	-0.011882	58.211	0.047258	-0.024546	-0.29412
-0.17516	-0.012963	58.502	0.058977	-0.043495	-0.30621
-0.17516	-0.012963	58.502	0.058977	-0.043495	-0.30621
-0.18083	-0.014115	58.792	0.083343	-0.045705	-0.32933
-0.18083	-0.014115	58.792	0.083343	-0.045705	-0.32933
-0.18737	-0.015246	59.083	0.08996	-0.02447	-0.34005
-0.18737	-0.015246	59.083	0.08996	-0.02447	-0.34005
-0.19464	-0.016409	59.374	0.097569	-0.05196	-0.33409
-0.19464	-0.016409	59.374	0.097569	-0.05196	-0.33409
-0.20333	-0.017693	59.666	0.10592	-0.045998	-0.34715
-0.20333	-0.017693	59.666	0.10592	-0.045998	-0.34715
-0.19957	-0.018852	59.959	-4.8981	-0.027422	-0.30526
-0.19957	-0.018852	59.959	-4.8981	-0.027422	-0.30526
-0.17115	-0.019949	60.249	-9.8964	0.0082824	-0.33051
-0.17115	-0.019949	60.249	-9.8964	0.0082824	-0.33051
-0.11634	-0.020721	60.536	-14.89	0.07055	-0.34522
-0.11634	-0.020721	60.536	-14.89	0.07055	-0.34522
-0.035708	-0.021391	60.818	-19.896	0.085874	-0.31745
-0.035708	-0.021391	60.818	-19.896	0.085874	-0.31745
0.069096	-0.022015	61.091	-24.872	0.10679	-0.32159
0.069096	-0.022015	61.091	-24.872	0.10679	-0.32159
0.19741	-0.022381	61.353	-29.898	0.14368	-0.31011
0.19741	-0.022381	61.353	-29.898	0.14368	-0.31011
0.34837	-0.022592	61.603	-34.92	0.14097	-0.30938
0.34837	-0.022592	61.603	-34.92	0.14097	-0.30938
0.52034	-0.022822	61.84	-39.925	0.16373	-0.28511
0.52034	-0.022822	61.84	-39.925	0.16373	-0.28511
0.71134	-0.022703	62.06	-44.913	0.22392	-0.25223
0.71134	-0.022703	62.06	-44.913	0.22392	-0.25223
0.92087	-0.022318	62.263	-49.916	0.22955	-0.22369
0.92087	-0.022318	62.263	-49.916	0.22955	-0.22369
1.147	-0.021884	62.448	-54.917	0.22103	-0.2371
1.147	-0.021884	62.448	-54.917	0.22103	-0.2371
1.3884	-0.02138	62.612	-59.934	0.24727	-0.24129
1.3884	-0.02138	62.612	-59.934	0.24727	-0.24129
1.6436	-0.020796	62.755	-64.947	0.27895	-0.21008
1.6436	-0.020796	62.755	-64.947	0.27895	-0.21008
1.9097	-0.0201	62.874	-69.913	0.27617	-0.18153
1.9097	-0.0201	62.874	-69.913	0.27617	-0.18153
2.1864	-0.019189	62.969	-74.931	0.32907	-0.17798
2.1864	-0.019189	62.969	-74.931	0.32907	-0.17798
2.4708	-0.018026	63.041	-79.938	0.3217	-0.13303
2.4708	-0.018026	63.041	-79.938	0.3217	-0.13303
2.7593	-0.016881	63.088	-84.948	0.34601	-0.096733
2.7593	-0.016881	63.088	-84.948	0.34601	-0.096733
3.0494	-0.015722	63.111	-89.941	0.34267	-0.049665
3.0494	-0.015722	63.111	-89.941	0.34267	-0.049665
3.3394	-0.014689	63.121	-89.943	0.33813	-0.033334
3.3394	-0.014689	63.121	-89.943	0.33813	-0.033334
3.6283	-0.013593	63.131	-89.959	0.35597	-0.045142
3.6283	-0.013593	63.131	-89.959	0.35597	-0.045142
3.9161	-0.012529	63.141	-89.912	0.35539	-0.049905
3.9161	-0.012529	63.141	-89.912	0.35539	-0.049905
4.2039	-0.01145	63.152	-89.912	0.31717	-0.055798
4.2039	-0.01145	63.152	-89.912	0.31717	-0.055798
4.4942	-0.010395	63.163	-89.895	0.30854	-0.053398
4.4942	-0.010395	63.163	-89.895	0.30854	-0.053398
4.7846	-0.0094625	63.174	-89.892	0.29945	-0.047897
4.7846	-0.0094625	63.174	-89.892	0.29945	-0.047897
5.0747	-0.0086887	63.184	-89.904	0.32356	-0.047092
5.0747	-0.0086887	63.184	-89.904	0.32356	-0.047092
5.3647	-0.0077717	63.194	-89.935	0.33271	-0.041156
5.3647	-0.0077717	63.194	-89.935	0.33271	-0.041156
5.6544	-0.0066836	63.203	-89.944	0.35433	-0.034281
5.6544	-0.0066836	63.203	-89.944	0.35433	-0.034281
5.9446	-0.0054683	63.212	-89.936	0.36614	-0.024112
5.9446	-0.0054683	63.212	-89.936	0.36614	-0.024112
6.2358	-0.0041979	63.22	-89.942	0.35729	-0.049392
6.2358	-0.0041979	63.22	-89.942	0.35729	-0.049392
6.5278	-0.0029163	63.227	-89.945	0.31633	-0.054752
6.5278	-0.0029163	63.227	-89.945	0.31633	-0.054752
6.8208	-0.0016562	63.235	-89.933	0.32503	-0.038807
6.8208	-0.0016562	63.235	-89.933	0.32503	-0.038807
7.1131	-0.00015952	63.243	-89.954	0.33102	-0.022299
7.1131	-0.00015952	63.243	-89.954	0.33102	-0.022299
7.4047	0.0013848	63.252	-89.937	0.33577	-0.013254
7.4047	0.0013848	63.252	-89.937	0.33577	-0.013254
7.6957	0.0028561	63.262	-89.93	0.3449	0.01176
7.6957	0.0028561	63.262	-89.93	0.3449	0.01176
7.9866	0.0044114	63.273	-89.964	0.34651	-0.011733
7.9866	0.0044114	63.273	-89.964	0.34651	-0.011733
8.2774	0.006129	63.284	-89.979	0.37696	-0.0061338
8.2774	0.006129	63.284	-89.979	0.37696	-0.0061338
8.5681	0.0078678	63.295	-89.991	0.37565	0.00024064
8.5681	0.0078678	63.295	-89.991	0.37565	0.00024064
8.8586	0.00941	63.306	-89.964	0.38733	-0.023437
8.8586	0.00941	63.306	-89.964	0.38733	-0.023437
9.1495	0.011175	63.316	-89.949	0.4269	0.0012396
9.1495	0.011175	63.316	-89.949	0.4269	0.0012396
9.4401	0.013134	63.328	-89.942	0.47682	-0.0081629
9.4401	0.013134	63.328	-89.942	0.47682	-0.0081629
9.7298	0.015272	63.339	-89.925	0.47013	0.001367
9.7298	0.015272	63.339	-89.925	0.47013	0.001367
10.019	0.017304	63.352	-89.896	0.44254	0.0053784
10.019	0.017304	63.352	-89.896	0.44254	0.0053784
10.307	0.01939	63.364	-89.923	0.43702	0.0087597
10.307	0.01939	63.364	-89.923	0.43702	0.0087597
10.597	0.021328	63.376	-89.918	0.40293	0.023985
10.597	0.021328	63.376	-89.918	0.40293	0.023985
10.887	0.023117	63.387	-89.948	0.43175	0.029428
10.887	0.023117	63.387	-89.948	0.43175	0.029428
11.178	0.02493	63.398	-89.943	0.39967	0.036219
11.178	0.02493	63.398	-89.943	0.39967	0.036219
11.469	0.026883	63.409	-89.892	0.42491	0.046453
11.469	0.026883	63.409	-89.892	0.42491	0.046453
11.761	0.029034	63.421	-89.919	0.43296	0.059094
11.761	0.029034	63.421	-89.919	0.43296	0.059094
12.052	0.031308	63.432	-89.93	0.47025	0.049809
12.052	0.031308	63.432	-89.93	0.47025	0.049809
12.343	0.033614	63.444	-89.937	0.4371	0.054473
12.343	0.033614	63.444	-89.937	0.4371	0.054473
12.634	0.035605	63.455	-89.923	0.40071	0.025938
12.634	0.035605	63.455	-89.923	0.40071	0.025938
12.926	0.03749	63.466	-89.928	0.43411	0.028325
12.926	0.03749	63.466	-89.928	0.43411	0.028325
13.216	0.039493	63.477	-89.916	0.42822	0.045391
13.216	0.039493	63.477	-89.916	0.42822	0.045391
13.507	0.041454	63.487	-89.893	0.42389	0.056721
13.507	0.041454	63.487	-89.893	0.42389	0.056721
13.796	0.043507	63.498	-89.908	0.42961	0.070815
13.796	0.043507	63.498	-89.908	0.42961	0.070815
14.085	0.04557	63.509	-89.865	0.43329	0.096207
14.085	0.04557	63.509	-89.865	0.43329	0.096207
14.373	0.047602	63.521	-89.873	0.44779	0.07594
14.373	0.047602	63.521	-89.873	0.44779	0.07594
14.66	0.049669	63.533	-89.885	0.4443	0.10349
14.66	0.049669	63.533	-89.885	0.4443	0.10349
14.948	0.051796	63.543	-89.904	0.42071	0.12098
14.948	0.051796	63.543	-89.904	0.42071	0.12098
15.236	0.053952	63.554	-89.925	0.43868	0.13907
15.236	0.053952	63.554	-89.925	0.43868	0.13907
15.523	0.056191	63.564	-89.894	0.44501	0.14257
15.523	0.056191	63.564	-89.894	0.44501	0.14257
15.81	0.058276	63.574	-89.886	0.43545	0.16917
15.81	0.058276	63.574	-89.886	0.43545	0.16917
16.096	0.060227	63.584	-89.874	0.41945	0.18022
16.096	0.060227	63.584	-89.874	0.41945	0.18022
16.382	0.062061	63.593	-89.877	0.38525	0.18942
16.382	0.062061	63.593	-89.877	0.38525	0.18942
16.667	0.063728	63.602	-89.888	0.38195	0.18107
16.667	0.063728	63.602	-89.888	0.38195	0.18107
16.952	0.065418	63.611	-89.875	0.3931	0.21659
16.952	0.065418	63.611	-89.875	0.3931	0.21659
17.237	0.067148	63.621	-89.883	0.37529	0.22929
17.237	0.067148	63.621	-89.883	0.37529	0.22929
17.522	0.068834	63.631	-89.92	0.36813	0.19662
17.522	0.068834	63.631	-89.92	0.36813	0.19662
17.808	0.070595	63.641	-89.916	0.40225	0.18518
17.808	0.070595	63.641	-89.916	0.40225	0.18518
18.093	0.072586	63.652	-89.916	0.40208	0.16723
18.093	0.072586	63.652	-89.916	0.40208	0.16723
18.379	0.074581	63.663	-89.904	0.37828	0.20879
18.379	0.074581	63.663	-89.904	0.37828	0.20879
18.665	0.076631	63.673	-89.898	0.35711	0.23803
18.665	0.076631	63.673	-89.898	0.35711	0.23803
18.951	0.078581	63.683	-89.906	0.36189	0.24563
18.951	0.078581	63.683	-89.906	0.36189	0.24563
19.237	0.080615	63.692	-89.894	0.36166	0.24042
19.237	0.080615	63.692	-89.894	0.36166	0.24042
19.522	0.082656	63.7	-89.926	0.34882	0.24311
19.522	0.082656	63.7	-89.926	0.34882	0.24311
19.809	0.084635	63.707	-89.947	0.35789	0.25612
19.809	0.084635	63.707	-89.947	0.35789	0.25612
20.096	0.086587	63.714	-89.927	0.32185	0.26336
20.096	0.086587	63.714	-89.927	0.32185	0.26336
20.384	0.088535	63.721	-89.93	0.31129	0.27471
20.384	0.088535	63.721	-89.93	0.31129	0.27471
20.67	0.090453	63.728	-89.945	0.31245	0.28918
20.67	0.090453	63.728	-89.945	0.31245	0.28918
20.958	0.0926	63.735	-89.958	0.32459	0.28014
20.958	0.0926	63.735	-89.958	0.32459	0.28014
21.246	0.094817	63.742	-89.961	0.33072	0.26822
21.246	0.094817	63.742	-89.961	0.33072	0.26822
21.535	0.096996	63.75	-89.934	0.32826	0.25344
21.535	0.096996	63.75	-89.934	0.32826	0.25344
21.825	0.099123	63.758	-89.915	0.35548	0.22631
21.825	0.099123	63.758	-89.915	0.35548	0.22631
22.115	0.10129	63.768	-89.885	0.35628	0.23596
22.115	0.10129	63.768	-89.885	0.35628	0.23596
22.406	0.10344	63.776	-89.874	0.34069	0.22076
22.406	0.10344	63.776	-89.874	0.34069	0.22076
22.696	0.10579	63.784	-89.871	0.36837	0.22713
22.696	0.10579	63.784	-89.871	0.36837	0.22713
22.985	0.10814	63.792	-89.863	0.33647	0.21758
22.985	0.10814	63.792	-89.863	0.33647	0.21758
23.272	0.11031	63.8	-89.865	0.33398	0.22392
23.272	0.11031	63.8	-89.865	0.33398	0.22392
23.561	0.1123	63.809	-89.871	0.32737	0.21424
23.561	0.1123	63.809	-89.871	0.32737	0.21424
23.85	0.11441	63.819	-89.847	0.36213	0.22881
23.85	0.11441	63.819	-89.847	0.36213	0.22881
24.139	0.11677	63.83	-89.812	0.41783	0.23733
24.139	0.11677	63.83	-89.812	0.41783	0.23733
24.43	0.11931	63.841	-89.812	0.41025	0.24859
24.43	0.11931	63.841	-89.812	0.41025	0.24859
24.72	0.12186	63.852	-89.81	0.3771	0.24876
24.72	0.12186	63.852	-89.81	0.3771	0.24876
25.01	0.12414	63.863	-89.828	0.38054	0.2625
25.01	0.12414	63.863	-89.828	0.38054	0.2625
25.301	0.1264	63.874	-89.82	0.39655	0.27202
25.301	0.1264	63.874	-89.82	0.39655	0.27202
25.593	0.12889	63.885	-89.787	0.40431	0.28542
25.593	0.12889	63.885	-89.787	0.40431	0.28542
25.886	0.13145	63.894	-89.782	0.40352	0.29365
25.886	0.13145	63.894	-89.782	0.40352	0.29365
26.179	0.13418	63.903	-89.791	0.41298	0.28734
26.179	0.13418	63.903	-89.791	0.41298	0.28734
26.473	0.137	63.912	-89.772	0.42058	0.26857
26.473	0.137	63.912	-89.772	0.42058	0.26857
26.766	0.13971	63.921	-89.78	0.40375	0.25918
26.766	0.13971	63.921	-89.78	0.40375	0.25918
27.059	0.14226	63.932	-89.754	0.36881	0.25955
27.059	0.14226	63.932	-89.754	0.36881	0.25955
27.353	0.14475	63.942	-89.776	0.37534	0.26493
27.353	0.14475	63.942	-89.776	0.37534	0.26493
27.646	0.14729	63.953	-89.782	0.38858	0.25991
27.646	0.14729	63.953	-89.782	0.38858	0.25991
27.94	0.14986	63.964	-89.777	0.41724	0.24334
27.94	0.14986	63.964	-89.777	0.41724	0.24334
28.234	0.15254	63.974	-89.765	0.41884	0.23698
28.234	0.15254	63.974	-89.765	0.41884	0.23698
28.529	0.15528	63.984	-89.755	0.41315	0.24089
28.529	0.15528	63.984	-89.755	0.41315	0.24089
28.824	0.15803	63.994	-89.767	0.45007	0.24325
28.824	0.15803	63.994	-89.767	0.45007	0.24325
29.119	0.16089	64.003	-89.752	0.44413	0.26109
29.119	0.16089	64.003	-89.752	0.44413	0.26109
29.414	0.16359	64.014	-89.739	0.4524	0.25165
29.414	0.16359	64.014	-89.739	0.4524	0.25165
29.708	0.16625	64.025	-89.754	0.46944	0.25174
29.708	0.16625	64.025	-89.754	0.46944	0.25174
30.001	0.16881	64.035	-89.744	0.46282	0.25253
30.001	0.16881	64.035	-89.744	0.46282	0.25253
30.294	0.17139	64.046	-89.755	0.47971	0.24921
30.294	0.17139	64.046	-89.755	0.47971	0.24921
30.587	0.174	64.058	-89.759	0.49881	0.25466
30.587	0.174	64.058	-89.759	0.49881	0.25466
30.882	0.17664	64.071	-89.776	0.49619	0.26954
30.882	0.17664	64.071	-89.776	0.49619	0.26954
31.178	0.17945	64.084	-89.768	0.50333	0.27209
31.178	0.17945	64.084	-89.768	0.50333	0.27209
31.474	0.18229	64.096	-89.784	0.51339	0.26293
31.474	0.18229	64.096	-89.784	0.51339	0.26293
31.772	0.18523	64.109	-89.763	0.54192	0.28906
31.772	0.18523	64.109	-89.763	0.54192	0.28906
32.068	0.18837	64.122	-89.765	0.57883	0.31544
32.068	0.18837	64.122	-89.765	0.57883	0.31544
32.364	0.19158	64.123	-94.754	0.56903	0.3743
32.364	0.19158	64.123	-94.754	0.56903	0.3743
32.659	0.19458	64.099	-99.767	0.53727	0.38338
32.659	0.19458	64.099	-99.767	0.53727	0.38338
32.95	0.19734	64.049	-104.77	0.50231	0.41063
32.95	0.19734	64.049	-104.77	0.50231	0.41063
33.235	0.2	63.973	-109.76	0.4742	0.47583
33.235	0.2	63.973	-109.76	0.4742	0.47583
33.513	0.20248	63.872	-114.75	0.4335	0.48647
33.513	0.20248	63.872	-114.75	0.4335	0.48647
33.781	0.20485	63.747	-119.73	0.40476	0.49708
33.781	0.20485	63.747	-119.73	0.40476	0.49708
34.038	0.20698	63.599	-124.76	0.36493	0.5184
34.038	0.20698	63.599	-124.76	0.36493	0.5184
34.281	0.2089	63.429	-129.79	0.31745	0.53411
34.281	0.2089	63.429	-129.79	0.31745	0.53411
34.509	0.21053	63.239	-134.78	0.28532	0.52837
34.509	0.21053	63.239	-134.78	0.28532	0.52837
34.719	0.21201	63.028	-139.74	0.24904	0.54579
34.719	0.21201	63.028	-139.74	0.24904	0.54579
34.91	0.21308	62.801	-144.75	0.1793	0.54665
34.91	0.21308	62.801	-144.75	0.1793	0.54665
35.081	0.2138	62.558	-149.76	0.12599	0.54896
35.081	0.2138	62.558	-149.76	0.12599	0.54896
35.229	0.21446	62.301	-154.73	0.067681	0.54608
35.229	0.21446	62.301	-154.73	0.067681	0.54608
35.355	0.2148	62.032	-159.74	0.045825	0.53778
35.355	0.2148	62.032	-159.74	0.045825	0.53778
35.456	0.21508	61.754	-164.69	-0.0050715	0.56747
35.456	0.21508	61.754	-164.69	-0.0050715	0.56747
35.531	0.21509	61.468	-169.66	-0.060568	0.59602
35.531	0.21509	61.468	-169.66	-0.060568	0.59602
35.581	0.21486	61.176	-174.63	-0.079642	0.59132
35.581	0.21486	61.176	-174.63	-0.079642	0.59132
35.606	0.21438	60.882	-179.63	-0.14173	0.58123
35.606	0.21438	60.882	-179.63	-0.14173	0.58123
35.618	0.21368	60.586	-179.63	-0.1425	0.61154
35.618	0.21368	60.586	-179.63	-0.1425	0.61154
35.631	0.21303	60.29	-179.62	-0.12588	0.58719
35.631	0.21303	60.29	-179.62	-0.12588	0.58719
35.643	0.21235	59.993	-179.62	-0.12567	0.5847
35.643	0.21235	59.993	-179.62	-0.12567	0.5847
35.655	0.2116	59.697	-179.62	-0.13887	0.58483
35.655	0.2116	59.697	-179.62	-0.13887	0.58483
35.667	0.21058	59.4	-179.61	-0.17474	0.58455
35.667	0.21058	59.4	-179.61	-0.17474	0.58455
35.681	0.2096	59.103	-179.62	-0.17334	0.59863
35.681	0.2096	59.103	-179.62	-0.17334	0.59863
35.696	0.20851	58.805	-179.61	-0.15988	0.59952
35.696	0.20851	58.805	-179.61	-0.15988	0.59952
35.711	0.20735	58.508	-179.62	-0.15133	0.61667
35.711	0.20735	58.508	-179.62	-0.15133	0.61667
35.728	0.20621	58.213	-179.58	-0.15012	0.61979
35.728	0.20621	58.213	-179.58	-0.15012	0.61979
35.744	0.20512	57.917	-179.57	-0.15042	0.62557
35.744	0.20512	57.917	-179.57	-0.15042	0.62557
35.76	0.20381	57.623	-179.58	-0.15645	0.61783
35.76	0.20381	57.623	-179.58	-0.15645	0.61783
35.776	0.20243	57.328	-179.6	-0.1705	0.58529
35.776	0.20243	57.328	-179.6	-0.1705	0.58529
35.791	0.20102	57.033	-179.58	-0.15611	0.57285
35.791	0.20102	57.033	-179.58	-0.15611	0.57285
35.806	0.1997	56.737	-179.56	-0.16098	0.53986
35.806	0.1997	56.737	-179.56	-0.16098	0.53986
35.822	0.19836	56.44	-179.56	-0.17545	0.5345
35.822	0.19836	56.44	-179.56	-0.17545	0.5345
35.838	0.19711	56.143	-179.57	-0.19213	0.50359
35.838	0.19711	56.143	-179.57	-0.19213	0.50359
35.853	0.19594	55.845	-179.58	-0.22088	0.51697
35.853	0.19594	55.845	-179.58	-0.22088	0.51697
35.869	0.19473	55.547	-179.55	-0.18691	0.51578
35.869	0.19473	55.547	-179.55	-0.18691	0.51578
35.885	0.19365	55.25	-179.56	-0.16121	0.52188
35.885	0.19365	55.25	-179.56	-0.16121	0.52188
35.901	0.19238	54.954	-179.55	-0.15955	0.51059
35.901	0.19238	54.954	-179.55	-0.15955	0.51059
35.917	0.19107	54.658	-179.58	-0.16654	0.52065
35.917	0.19107	54.658	-179.58	-0.16654	0.52065
35.932	0.1897	54.36	-179.55	-0.16485	0.5196
35.932	0.1897	54.36	-179.55	-0.16485	0.5196
35.947	0.18849	54.064	-179.56	-0.1357	0.53512
35.947	0.18849	54.064	-179.56	-0.1357	0.53512
35.963	0.18743	53.767	-179.5	-0.15263	0.5548
35.963	0.18743	53.767	-179.5	-0.15263	0.5548
35.98	0.18617	53.47	-179.48	-0.15265	0.57968
35.98	0.18617	53.47	-179.48	-0.15265	0.57968
35.997	0.18467	53.172	-179.48	-0.15858	0.61173
35.997	0.18467	53.172	-179.48	-0.15858	0.61173
36.013	0.18324	52.874	-179.45	-0.15087	0.59675
36.013	0.18324	52.874	-179.45	-0.15087	0.59675
36.029	0.18174	52.575	-179.46	-0.12815	0.59797
36.029	0.18174	52.575	-179.46	-0.12815	0.59797
36.044	0.18024	52.276	-179.5	-0.13438	0.61907
36.044	0.18024	52.276	-179.5	-0.13438	0.61907
36.059	0.17883	51.976	-179.5	-0.12833	0.61777
36.059	0.17883	51.976	-179.5	-0.12833	0.61777
36.073	0.17745	51.676	-179.48	-0.12546	0.60491
36.073	0.17745	51.676	-179.48	-0.12546	0.60491
36.088	0.1762	51.377	-179.47	-0.10547	0.62138
36.088	0.1762	51.377	-179.47	-0.10547	0.62138
36.104	0.17488	51.077	-179.5	-0.12789	0.61034
36.104	0.17488	51.077	-179.5	-0.12789	0.61034
36.118	0.17349	50.776	-179.52	-0.11792	0.63792
36.118	0.17349	50.776	-179.52	-0.11792	0.63792
36.133	0.17195	50.475	-179.5	-0.13862	0.61528
36.133	0.17195	50.475	-179.5	-0.13862	0.61528
36.146	0.17053	50.173	-179.47	-0.09014	0.61324
36.146	0.17053	50.173	-179.47	-0.09014	0.61324
36.16	0.16918	49.871	-179.46	-0.11414	0.6228
36.16	0.16918	49.871	-179.46	-0.11414	0.6228
36.174	0.16772	49.569	-179.46	-0.1228	0.58868
36.174	0.16772	49.569	-179.46	-0.1228	0.58868
36.189	0.1662	49.268	-179.48	-0.15531	0.58564
36.189	0.1662	49.268	-179.48	-0.15531	0.58564
36.202	0.16454	48.967	-179.5	-0.14808	0.59127
36.202	0.16454	48.967	-179.5	-0.14808	0.59127
36.214	0.163	48.665	-179.5	-0.1151	0.61458
36.214	0.163	48.665	-179.5	-0.1151	0.61458
36.226	0.16173	48.363	-179.49	-0.12849	0.61477
36.226	0.16173	48.363	-179.49	-0.12849	0.61477
36.238	0.1604	48.06	-179.47	-0.11826	0.62141
36.238	0.1604	48.06	-179.47	-0.11826	0.62141
36.251	0.1592	47.759	-179.48	-0.14647	0.60225
36.251	0.1592	47.759	-179.48	-0.14647	0.60225
36.264	0.15788	47.457	-179.47	-0.18443	0.59017
36.264	0.15788	47.457	-179.47	-0.18443	0.59017
36.277	0.15651	47.155	-179.45	-0.18022	0.59146
36.277	0.15651	47.155	-179.45	-0.18022	0.59146
36.29	0.1551	46.851	-179.45	-0.19599	0.61062
36.29	0.1551	46.851	-179.45	-0.19599	0.61062
36.303	0.15349	46.545	-179.44	-0.19409	0.5924
36.303	0.15349	46.545	-179.44	-0.19409	0.5924
36.315	0.15187	46.238	-179.43	-0.21647	0.56341
36.315	0.15187	46.238	-179.43	-0.21647	0.56341
36.328	0.15016	45.931	-179.42	-0.24222	0.5447
36.328	0.15016	45.931	-179.42	-0.24222	0.5447
36.342	0.14853	45.625	-179.42	-0.21291	0.53284
36.342	0.14853	45.625	-179.42	-0.21291	0.53284
36.355	0.1472	45.317	-179.4	-0.16813	0.52684
36.355	0.1472	45.317	-179.4	-0.16813	0.52684
36.369	0.1459	45.008	-179.43	-0.17204	0.532
36.369	0.1459	45.008	-179.43	-0.17204	0.532
36.384	0.14455	44.699	-179.42	-0.17393	0.5575
36.384	0.14455	44.699	-179.42	-0.17393	0.5575
36.398	0.14342	44.39	-179.43	-0.1837	0.57896
36.398	0.14342	44.39	-179.43	-0.1837	0.57896
36.412	0.14238	44.08	-179.41	-0.17554	0.59167
36.412	0.14238	44.08	-179.41	-0.17554	0.59167
36.427	0.14129	43.77	-179.36	-0.18219	0.55972
36.427	0.14129	43.77	-179.36	-0.18219	0.55972
36.443	0.14008	43.46	-179.38	-0.19981	0.554
36.443	0.14008	43.46	-179.38	-0.19981	0.554
36.459	0.13869	43.15	-179.37	-0.20648	0.55046
36.459	0.13869	43.15	-179.37	-0.20648	0.55046
36.475	0.13723	42.839	-179.38	-0.22913	0.53928
36.475	0.13723	42.839	-179.38	-0.22913	0.53928
36.49	0.1359	42.529	-179.41	-0.22621	0.5326
36.49	0.1359	42.529	-179.41	-0.22621	0.5326
36.504	0.13457	42.219	-179.44	-0.2486	0.54383
36.504	0.13457	42.219	-179.44	-0.2486	0.54383
36.519	0.13332	41.909	-179.43	-0.2138	0.55252
36.519	0.13332	41.909	-179.43	-0.2138	0.55252
36.534	0.13212	41.598	-179.41	-0.25288	0.57898
36.534	0.13212	41.598	-179.41	-0.25288	0.57898
36.549	0.13078	41.287	-179.4	-0.24146	0.57262
36.549	0.13078	41.287	-179.4	-0.24146	0.57262
36.564	0.12928	40.977	-179.4	-0.28372	0.57586
36.564	0.12928	40.977	-179.4	-0.28372	0.57586
36.578	0.12777	40.667	-179.39	-0.27225	0.57563
36.578	0.12777	40.667	-179.39	-0.27225	0.57563
36.591	0.12651	40.356	-179.42	-0.28514	0.57466
36.591	0.12651	40.356	-179.42	-0.28514	0.57466
36.606	0.12521	40.044	-179.4	-0.28646	0.54752
36.606	0.12521	40.044	-179.4	-0.28646	0.54752
36.621	0.12389	39.731	-179.41	-0.27926	0.56342
36.621	0.12389	39.731	-179.41	-0.27926	0.56342
36.636	0.1225	39.418	-179.45	-0.29919	0.56419
36.636	0.1225	39.418	-179.45	-0.29919	0.56419
36.65	0.12098	39.106	-179.46	-0.33524	0.54193
36.65	0.12098	39.106	-179.46	-0.33524	0.54193
36.662	0.11942	38.793	-179.46	-0.31798	0.52468
36.662	0.11942	38.793	-179.46	-0.31798	0.52468
36.675	0.11785	38.48	-179.45	-0.31471	0.52286
36.675	0.11785	38.48	-179.45	-0.31471	0.52286
36.69	0.11629	38.167	-179.45	-0.30712	0.52989
36.69	0.11629	38.167	-179.45	-0.30712	0.52989
36.706	0.11468	37.855	-179.44	-0.3178	0.52931
36.706	0.11468	37.855	-179.44	-0.3178	0.52931
36.722	0.11289	37.543	-179.43	-0.32036	0.54253
36.722	0.11289	37.543	-179.43	-0.32036	0.54253
36.739	0.11094	37.232	-179.43	-0.34691	0.52819
36.739	0.11094	37.232	-179.43	-0.34691	0.52819
36.755	0.1089	36.921	-179.4	-0.34278	0.54313
36.755	0.1089	36.921	-179.4	-0.34278	0.54313
36.771	0.10684	36.609	-179.43	-0.36217	0.56254
36.771	0.10684	36.609	-179.43	-0.36217	0.56254
36.786	0.10474	36.297	-179.43	-0.35236	0.54267
36.786	0.10474	36.297	-179.43	-0.35236	0.54267
36.801	0.10288	35.984	-179.42	-0.35897	0.52002
36.801	0.10288	35.984	-179.42	-0.35897	0.52002
36.815	0.10113	35.671	-179.41	-0.33315	0.52715
36.815	0.10113	35.671	-179.41	-0.33315	0.52715
36.829	0.099442	35.358	-179.46	-0.3469	0.54186
36.829	0.099442	35.358	-179.46	-0.3469	0.54186
36.843	0.097796	35.045	-179.46	-0.32651	0.55882
36.843	0.097796	35.045	-179.46	-0.32651	0.55882
36.856	0.096209	34.732	-179.44	-0.31368	0.54473
36.856	0.096209	34.732	-179.44	-0.31368	0.54473
36.87	0.094596	34.419	-179.44	-0.31949	0.52128
36.87	0.094596	34.419	-179.44	-0.31949	0.52128
36.883	0.092893	34.105	-179.43	-0.33059	0.53062
36.883	0.092893	34.105	-179.43	-0.33059	0.53062
36.896	0.091175	33.789	-179.46	-0.33888	0.51737
36.896	0.091175	33.789	-179.46	-0.33888	0.51737
36.91	0.08948	33.474	-179.47	-0.3341	0.49362
36.91	0.08948	33.474	-179.47	-0.3341	0.49362
36.924	0.087817	33.157	-179.47	-0.31551	0.47756
36.924	0.087817	33.157	-179.47	-0.31551	0.47756
36.939	0.086275	32.842	-179.46	-0.30844	0.49407
36.939	0.086275	32.842	-179.46	-0.30844	0.49407
36.953	0.084757	32.525	-179.47	-0.30581	0.51562
36.953	0.084757	32.525	-179.47	-0.30581	0.51562
36.966	0.083278	32.209	-179.48	-0.29366	0.49217
36.966	0.083278	32.209	-179.48	-0.29366	0.49217
36.981	0.081917	31.896	-179.48	-0.28825	0.46376
36.981	0.081917	31.896	-179.48	-0.28825	0.46376
36.995	0.080673	31.582	-179.47	-0.29337	0.46046
36.995	0.080673	31.582	-179.47	-0.29337	0.46046
37.009	0.079346	31.269	-179.46	-0.30506	0.44203
37.009	0.079346	31.269	-179.46	-0.30506	0.44203
37.023	0.07788	30.957	-179.51	-0.32991	0.4726
37.023	0.07788	30.957	-179.51	-0.32991	0.4726
37.036	0.076341	30.645	-179.52	-0.32626	0.47206
37.036	0.076341	30.645	-179.52	-0.32626	0.47206
37.05	0.074819	30.333	-179.52	-0.33968	0.48746
37.05	0.074819	30.333	-179.52	-0.33968	0.48746
37.064	0.073349	30.022	-179.52	-0.33653	0.47708
37.064	0.073349	30.022	-179.52	-0.33653	0.47708
37.079	0.071996	29.71	-179.51	-0.30986	0.45617
37.079	0.071996	29.71	-179.51	-0.30986	0.45617
37.093	0.070739	29.398	-179.51	-0.28936	0.43323
37.093	0.070739	29.398	-179.51	-0.28936	0.43323
37.106	0.069544	29.087	-179.53	-0.26572	0.426
37.106	0.069544	29.087	-179.53	-0.26572	0.426
37.12	0.068516	28.776	-179.52	-0.23911	0.41359
37.12	0.068516	28.776	-179.52	-0.23911	0.41359
37.133	0.067531	28.466	-179.53	-0.22942	0.38477
37.133	0.067531	28.466	-179.53	-0.22942	0.38477
37.146	0.066526	28.157	-179.52	-0.22857	0.39276
37.146	0.066526	28.157	-179.52	-0.22857	0.39276
37.157	0.065592	27.846	-179.53	-0.2012	0.40149
37.157	0.065592	27.846	-179.53	-0.2012	0.40149
37.168	0.064651	27.535	-179.54	-0.19025	0.41045
37.168	0.064651	27.535	-179.54	-0.19025	0.41045
37.179	0.06379	27.225	-179.53	-0.20341	0.43078
37.179	0.06379	27.225	-179.53	-0.20341	0.43078
37.192	0.062923	26.914	-179.56	-0.21182	0.40714
37.192	0.062923	26.914	-179.56	-0.21182	0.40714
37.205	0.062138	26.603	-179.53	-0.21038	0.37788
37.205	0.062138	26.603	-179.53	-0.21038	0.37788
37.218	0.061513	26.295	-179.53	-0.18919	0.38996
37.218	0.061513	26.295	-179.53	-0.18919	0.38996
37.231	0.060728	25.988	-179.53	-0.21141	0.40559
37.231	0.060728	25.988	-179.53	-0.21141	0.40559
37.244	0.059866	25.679	-179.55	-0.2088	0.40654
37.244	0.059866	25.679	-179.55	-0.2088	0.40654
37.256	0.05905	25.371	-179.53	-0.21378	0.36293
37.256	0.05905	25.371	-179.53	-0.21378	0.36293
37.269	0.058227	25.064	-179.55	-0.20727	0.35606
37.269	0.058227	25.064	-179.55	-0.20727	0.35606
37.281	0.057514	24.757	-179.55	-0.22066	0.36543
37.281	0.057514	24.757	-179.55	-0.22066	0.36543
37.293	0.056906	24.45	-179.54	-0.2016	0.35766
37.293	0.056906	24.45	-179.54	-0.2016	0.35766
37.305	0.056394	24.141	-179.56	-0.19407	0.36653
37.305	0.056394	24.141	-179.56	-0.19407	0.36653
37.316	0.055795	23.833	-179.57	-0.19459	0.36833
37.316	0.055795	23.833	-179.57	-0.19459	0.36833
37.327	0.055274	23.526	-179.59	-0.17808	0.32764
37.327	0.055274	23.526	-179.59	-0.17808	0.32764
37.339	0.054799	23.22	-179.59	-0.18717	0.32667
37.339	0.054799	23.22	-179.59	-0.18717	0.32667
37.349	0.054398	22.914	-179.59	-0.18685	0.3362
37.349	0.054398	22.914	-179.59	-0.18685	0.3362
37.359	0.05407	22.609	-179.59	-0.14928	0.32782
37.359	0.05407	22.609	-179.59	-0.14928	0.32782
37.368	0.053834	22.302	-179.59	-0.15155	0.34877
37.368	0.053834	22.302	-179.59	-0.15155	0.34877
37.377	0.05359	21.995	-179.59	-0.16534	0.36667
37.377	0.05359	21.995	-179.59	-0.16534	0.36667
37.386	0.053126	21.687	-179.56	-0.1691	0.36325
37.386	0.053126	21.687	-179.56	-0.1691	0.36325
37.395	0.052575	21.38	-179.57	-0.18999	0.35875
37.395	0.052575	21.38	-179.57	-0.18999	0.35875
37.405	0.05202	21.072	-179.55	-0.17294	0.37405
37.405	0.05202	21.072	-179.55	-0.17294	0.37405
37.413	0.051389	20.762	-179.56	-0.15289	0.38416
37.413	0.051389	20.762	-179.56	-0.15289	0.38416
37.422	0.050659	20.453	-179.55	-0.15022	0.39721
37.422	0.050659	20.453	-179.55	-0.15022	0.39721
37.431	0.04984	20.144	-179.57	-0.16751	0.41254
37.431	0.04984	20.144	-179.57	-0.16751	0.41254
37.439	0.048901	19.835	-179.57	-0.17388	0.40571
37.439	0.048901	19.835	-179.57	-0.17388	0.40571
37.448	0.047798	19.526	-179.6	-0.1839	0.42608
37.448	0.047798	19.526	-179.6	-0.1839	0.42608
37.457	0.046495	19.217	-179.59	-0.18406	0.39671
37.457	0.046495	19.217	-179.59	-0.18406	0.39671
37.465	0.045118	18.906	-179.57	-0.20179	0.39259
37.465	0.045118	18.906	-179.57	-0.20179	0.39259
37.474	0.043491	18.595	-179.59	-0.22234	0.41275
37.474	0.043491	18.595	-179.59	-0.22234	0.41275
37.482	0.04177	18.284	-179.6	-0.24985	0.38637
37.482	0.04177	18.284	-179.6	-0.24985	0.38637
37.49	0.040124	17.974	-179.61	-0.20816	0.39701
37.49	0.040124	17.974	-179.61	-0.20816	0.39701
37.498	0.038578	17.663	-179.62	-0.21014	0.41007
37.498	0.038578	17.663	-179.62	-0.21014	0.41007
37.507	0.037021	17.354	-179.63	-0.2253	0.38506
37.507	0.037021	17.354	-179.63	-0.2253	0.38506
37.515	0.035537	17.043	-179.64	-0.22176	0.38553
37.515	0.035537	17.043	-179.64	-0.22176	0.38553
37.522	0.033968	16.734	-179.65	-0.23308	0.36226
37.522	0.033968	16.734	-179.65	-0.23308	0.36226
37.529	0.032149	16.424	-179.66	-0.23394	0.36298
37.529	0.032149	16.424	-179.66	-0.23394	0.36298
37.536	0.030329	16.114	-179.67	-0.22131	0.34886
37.536	0.030329	16.114	-179.67	-0.22131	0.34886
37.542	0.028508	15.803	-179.68	-0.22514	0.34235
37.542	0.028508	15.803	-179.68	-0.22514	0.34235
37.548	0.026611	15.493	-179.7	-0.24431	0.31396
37.548	0.026611	15.493	-179.7	-0.24431	0.31396
37.554	0.024672	15.183	-179.71	-0.25947	0.31117
37.554	0.024672	15.183	-179.71	-0.25947	0.31117
37.56	0.022673	14.872	-179.68	-0.24711	0.31
37.56	0.022673	14.872	-179.68	-0.24711	0.31
37.565	0.020872	14.562	-179.71	-0.25499	0.31412
37.565	0.020872	14.562	-179.71	-0.25499	0.31412
37.568	0.019139	14.252	-179.74	-0.27594	0.32844
37.568	0.019139	14.252	-179.74	-0.27594	0.32844
37.571	0.017317	13.943	-179.74	-0.26541	0.33992
37.571	0.017317	13.943	-179.74	-0.26541	0.33992
37.573	0.015594	13.635	-179.77	-0.25837	0.32572
37.573	0.015594	13.635	-179.77	-0.25837	0.32572
37.576	0.013899	13.326	-179.77	-0.25117	0.31017
37.576	0.013899	13.326	-179.77	-0.25117	0.31017
37.579	0.012147	13.018	-179.77	-0.26322	0.27614
37.579	0.012147	13.018	-179.77	-0.26322	0.27614
37.583	0.010379	12.709	-179.77	-0.27346	0.26847
37.583	0.010379	12.709	-179.77	-0.27346	0.26847
37.587	0.0085848	12.4	-179.8	-0.26451	0.28034
37.587	0.0085848	12.4	-179.8	-0.26451	0.28034
37.591	0.0068092	12.092	-179.78	-0.28098	0.31702
37.591	0.0068092	12.092	-179.78	-0.28098	0.31702
37.594	0.0050454	11.783	-179.78	-0.23928	0.31185
37.594	0.0050454	11.783	-179.78	-0.23928	0.31185
37.597	0.0034809	11.475	-179.78	-0.25332	0.33989
37.597	0.0034809	11.475	-179.78	-0.25332	0.33989
37.602	0.0019343	11.167	-179.77	-0.27294	0.33565
37.602	0.0019343	11.167	-179.77	-0.27294	0.33565
37.606	0.00050212	10.858	-179.78	-0.28449	0.32217
37.606	0.00050212	10.858	-179.78	-0.28449	0.32217
37.61	-0.0010274	10.551	-179.79	-0.29586	0.31264
37.61	-0.0010274	10.551	-179.79	-0.29586	0.31264
37.614	-0.0026207	10.246	-179.79	-0.29505	0.29409
37.614	-0.0026207	10.246	-179.79	-0.29505	0.29409
37.618	-0.0041673	9.9402	-179.77	-0.28479	0.31401
37.618	-0.0041673	9.9402	-179.77	-0.28479	0.31401
37.623	-0.0056376	9.635	-179.78	-0.2824	0.30536
37.623	-0.0056376	9.635	-179.78	-0.2824	0.30536
37.627	-0.0069239	9.3298	-179.78	-0.25699	0.29492
37.627	-0.0069239	9.3298	-179.78	-0.25699	0.29492
37.631	-0.0081506	9.0248	-179.78	-0.26111	0.31541
37.631	-0.0081506	9.0248	-179.78	-0.26111	0.31541
37.634	-0.0092417	8.7196	-179.78	-0.26557	0.28888
37.634	-0.0092417	8.7196	-179.78	-0.26557	0.28888
37.637	-0.010322	8.4148	-179.77	-0.28774	0.28798
37.637	-0.010322	8.4148	-179.77	-0.28774	0.28798
37.641	-0.011364	8.1115	-179.8	-0.31711	0.28125
37.641	-0.011364	8.1115	-179.8	-0.31711	0.28125
37.644	-0.012482	7.8087	-179.82	-0.31227	0.28633
37.644	-0.012482	7.8087	-179.82	-0.31227	0.28633
37.646	-0.013442	7.5057	-179.84	-0.31468	0.28189
37.646	-0.013442	7.5057	-179.84	-0.31468	0.28189
37.647	-0.014584	7.2017	-179.83	-0.32822	0.31706
37.647	-0.014584	7.2017	-179.83	-0.32822	0.31706
37.649	-0.015659	6.8983	-179.84	-0.36216	0.32098
37.649	-0.015659	6.8983	-179.84	-0.36216	0.32098
37.65	-0.016862	6.595	-179.86	-0.37377	0.27692
37.65	-0.016862	6.595	-179.86	-0.37377	0.27692
37.651	-0.018042	6.2918	-179.87	-0.37653	0.26496
37.651	-0.018042	6.2918	-179.87	-0.37653	0.26496
37.652	-0.019073	5.989	-179.85	-0.35806	0.22571
37.652	-0.019073	5.989	-179.85	-0.35806	0.22571
37.653	-0.019872	5.6862	-179.88	-0.34089	0.21454
37.653	-0.019872	5.6862	-179.88	-0.34089	0.21454
37.654	-0.020679	5.3839	-179.89	-0.34341	0.19853
37.654	-0.020679	5.3839	-179.89	-0.34341	0.19853
37.654	-0.021443	5.0822	-179.87	-0.32475	0.19417
37.654	-0.021443	5.0822	-179.87	-0.32475	0.19417
37.653	-0.022096	4.7806	-179.88	-0.32321	0.19199
37.653	-0.022096	4.7806	-179.88	-0.32321	0.19199
37.653	-0.0226	4.4783	-179.86	-0.32784	0.17629
37.653	-0.0226	4.4783	-179.86	-0.32784	0.17629
37.653	-0.023022	4.1752	-179.86	-0.30345	0.15587
37.653	-0.023022	4.1752	-179.86	-0.30345	0.15587
37.654	-0.023351	3.8721	-179.84	-0.28576	0.16343
37.654	-0.023351	3.8721	-179.84	-0.28576	0.16343
37.655	-0.023702	3.568	-179.83	-0.30876	0.1637
37.655	-0.023702	3.568	-179.83	-0.30876	0.1637
37.657	-0.023907	3.2638	-179.85	-0.29701	0.15978
37.657	-0.023907	3.2638	-179.85	-0.29701	0.15978
37.659	-0.023907	2.9602	-179.83	-0.28541	0.16955
37.659	-0.023907	2.9602	-179.83	-0.28541	0.16955
37.66	-0.024047	2.6569	-179.85	-0.29688	0.18201
37.66	-0.024047	2.6569	-179.85	-0.29688	0.18201
37.662	-0.0244	2.3533	-179.84	-0.28427	0.19213
37.662	-0.0244	2.3533	-179.84	-0.28427	0.19213
37.664	-0.024662	2.0492	-179.88	-0.27518	0.18568
37.664	-0.024662	2.0492	-179.88	-0.27518	0.18568
37.666	-0.024778	1.7454	-179.87	-0.26977	0.1708
37.666	-0.024778	1.7454	-179.87	-0.26977	0.1708
37.668	-0.024874	1.4422	-179.88	-0.30324	0.17874
37.668	-0.024874	1.4422	-179.88	-0.30324	0.17874
37.673	-0.025082	1.1391	-179.9	-0.32353	0.19382
37.673	-0.025082	1.1391	-179.9	-0.32353	0.19382
37.677	-0.025481	0.83619	-179.92	-0.34608	0.21926
37.677	-0.025481	0.83619	-179.92	-0.34608	0.21926
37.68	-0.026059	0.53412	-179.92	-0.36048	0.23565
37.68	-0.026059	0.53412	-179.92	-0.36048	0.23565
37.684	-0.026648	0.23277	-179.89	-0.3462	0.24811
37.684	-0.026648	0.23277	-179.89	-0.3462	0.24811
37.69	-0.027117	-0.069572	-179.92	-0.36563	0.24088
37.69	-0.027117	-0.069572	-179.92	-0.36563	0.24088
37.694	-0.027557	-0.37276	-179.91	-0.37055	0.25037
37.694	-0.027557	-0.37276	-179.91	-0.37055	0.25037
37.686	-0.028066	-0.67478	175.14	-0.37082	0.21278
37.686	-0.028066	-0.67478	175.14	-0.37082	0.21278
37.651	-0.028579	-0.97502	170.16	-0.3899	0.16588
37.651	-0.028579	-0.97502	170.16	-0.3899	0.16588
37.589	-0.029122	-1.2727	165.18	-0.4073	0.14757
37.589	-0.029122	-1.2727	165.18	-0.4073	0.14757
37.5	-0.029559	-1.5644	160.19	-0.41908	0.098581
37.5	-0.029559	-1.5644	160.19	-0.41908	0.098581
37.388	-0.029857	-1.8479	155.2	-0.42553	0.084511
37.388	-0.029857	-1.8479	155.2	-0.42553	0.084511
37.251	-0.030319	-2.1205	150.19	-0.42636	0.039678
37.251	-0.030319	-2.1205	150.19	-0.42636	0.039678
37.091	-0.030828	-2.3805	145.25	-0.43187	-0.00046738
37.091	-0.030828	-2.3805	145.25	-0.43187	-0.00046738
36.908	-0.031477	-2.6259	140.25	-0.44232	-0.050726
36.908	-0.031477	-2.6259	140.25	-0.44232	-0.050726
36.705	-0.032263	-2.854	135.22	-0.46841	-0.12218
36.705	-0.032263	-2.854	135.22	-0.46841	-0.12218
36.484	-0.033065	-3.0634	130.2	-0.46087	-0.16864
36.484	-0.033065	-3.0634	130.2	-0.46087	-0.16864
36.245	-0.033794	-3.2521	125.19	-0.46176	-0.22808
36.245	-0.033794	-3.2521	125.19	-0.46176	-0.22808
35.992	-0.0344	-3.42	120.21	-0.41305	-0.29905
35.992	-0.0344	-3.42	120.21	-0.41305	-0.29905
35.725	-0.034653	-3.5665	115.2	-0.36964	-0.3499
35.725	-0.034653	-3.5665	115.2	-0.36964	-0.3499
35.446	-0.034761	-3.6894	110.21	-0.33504	-0.37991
35.446	-0.034761	-3.6894	110.21	-0.33504	-0.37991
35.157	-0.034802	-3.7877	105.18	-0.29573	-0.40443
35.157	-0.034802	-3.7877	105.18	-0.29573	-0.40443
34.86	-0.034589	-3.8594	100.2	-0.25162	-0.44345
34.86	-0.034589	-3.8594	100.2	-0.25162	-0.44345
34.558	-0.034173	-3.9052	95.212	-0.21181	-0.45543
34.558	-0.034173	-3.9052	95.212	-0.21181	-0.45543
34.252	-0.033541	-3.9259	90.21	-0.18272	-0.4635
34.252	-0.033541	-3.9259	90.21	-0.18272	-0.4635
33.946	-0.032795	-3.9323	90.235	-0.17308	-0.45585
33.946	-0.032795	-3.9323	90.235	-0.17308	-0.45585
33.638	-0.032175	-3.9384	90.261	-0.20114	-0.41487
33.638	-0.032175	-3.9384	90.261	-0.20114	-0.41487
33.33	-0.031701	-3.9453	90.251	-0.19118	-0.42502
33.33	-0.031701	-3.9453	90.251	-0.19118	-0.42502
33.022	-0.031045	-3.9527	90.233	-0.17508	-0.41231
33.022	-0.031045	-3.9527	90.233	-0.17508	-0.41231
32.714	-0.030442	-3.9603	90.222	-0.17839	-0.42429
32.714	-0.030442	-3.9603	90.222	-0.17839	-0.42429
32.407	-0.029944	-3.9678	90.241	-0.17053	-0.41093
32.407	-0.029944	-3.9678	90.241	-0.17053	-0.41093
32.099	-0.029679	-3.9751	90.235	-0.18554	-0.42396
32.099	-0.029679	-3.9751	90.235	-0.18554	-0.42396
31.791	-0.029579	-3.9823	90.26	-0.19428	-0.45583
31.791	-0.029579	-3.9823	90.26	-0.19428	-0.45583
31.483	-0.029469	-3.9904	90.274	-0.1727	-0.43265
31.483	-0.029469	-3.9904	90.274	-0.1727	-0.43265
31.175	-0.029395	-3.9985	90.28	-0.21314	-0.44384
31.175	-0.029395	-3.9985	90.28	-0.21314	-0.44384
30.866	-0.029377	-4.0071	90.296	-0.21205	-0.48808
30.866	-0.029377	-4.0071	90.296	-0.21205	-0.48808
30.557	-0.02934	-4.0152	90.287	-0.218	-0.48926
30.557	-0.02934	-4.0152	90.287	-0.218	-0.48926
30.248	-0.029167	-4.0226	90.278	-0.21309	-0.50126
30.248	-0.029167	-4.0226	90.278	-0.21309	-0.50126
29.938	-0.02919	-4.029	90.245	-0.25077	-0.50541
29.938	-0.02919	-4.029	90.245	-0.25077	-0.50541
29.627	-0.029236	-4.0343	90.256	-0.25982	-0.50679
29.627	-0.029236	-4.0343	90.256	-0.25982	-0.50679
29.316	-0.029381	-4.0394	90.258	-0.25331	-0.52035
29.316	-0.029381	-4.0394	90.258	-0.25331	-0.52035
29.004	-0.029605	-4.0437	90.247	-0.25952	-0.51568
29.004	-0.029605	-4.0437	90.247	-0.25952	-0.51568
28.693	-0.029781	-4.0478	90.239	-0.28055	-0.51453
28.693	-0.029781	-4.0478	90.239	-0.28055	-0.51453
28.383	-0.029976	-4.0517	90.245	-0.2537	-0.54063
28.383	-0.029976	-4.0517	90.245	-0.2537	-0.54063
28.073	-0.030134	-4.0554	90.276	-0.24225	-0.56354
28.073	-0.030134	-4.0554	90.276	-0.24225	-0.56354
27.764	-0.03011	-4.0593	90.265	-0.23311	-0.56779
27.764	-0.03011	-4.0593	90.265	-0.23311	-0.56779
27.456	-0.029961	-4.0631	90.278	-0.22162	-0.55417
27.456	-0.029961	-4.0631	90.278	-0.22162	-0.55417
27.148	-0.029696	-4.0655	90.278	-0.20701	-0.53286
27.148	-0.029696	-4.0655	90.278	-0.20701	-0.53286
26.84	-0.029441	-4.0676	90.276	-0.19111	-0.53463
26.84	-0.029441	-4.0676	90.276	-0.19111	-0.53463
26.532	-0.029228	-4.0682	90.279	-0.19776	-0.51994
26.532	-0.029228	-4.0682	90.279	-0.19776	-0.51994
26.224	-0.028963	-4.0686	90.224	-0.18768	-0.51883
26.224	-0.028963	-4.0686	90.224	-0.18768	-0.51883
25.915	-0.028657	-4.0691	90.224	-0.19373	-0.53201
25.915	-0.028657	-4.0691	90.224	-0.19373	-0.53201
25.607	-0.028373	-4.0692	90.21	-0.17788	-0.53466
25.607	-0.028373	-4.0692	90.21	-0.17788	-0.53466
25.3	-0.027941	-4.0693	90.207	-0.19048	-0.54234
25.3	-0.027941	-4.0693	90.207	-0.19048	-0.54234
24.993	-0.027562	-4.0701	90.246	-0.22407	-0.5408
24.993	-0.027562	-4.0701	90.246	-0.22407	-0.5408
24.685	-0.027354	-4.0716	90.271	-0.20958	-0.55222
24.685	-0.027354	-4.0716	90.271	-0.20958	-0.55222
24.377	-0.027159	-4.0731	90.237	-0.20712	-0.55512
24.377	-0.027159	-4.0731	90.237	-0.20712	-0.55512
24.069	-0.027086	-4.0744	90.217	-0.20931	-0.56078
24.069	-0.027086	-4.0744	90.217	-0.20931	-0.56078
23.76	-0.027005	-4.0767	90.217	-0.20632	-0.54553
23.76	-0.027005	-4.0767	90.217	-0.20632	-0.54553
23.453	-0.026998	-4.0781	90.191	-0.21219	-0.56716
23.453	-0.026998	-4.0781	90.191	-0.21219	-0.56716
23.146	-0.027121	-4.0798	90.211	-0.21759	-0.56212
23.146	-0.027121	-4.0798	90.211	-0.21759	-0.56212
22.84	-0.027188	-4.0817	90.215	-0.20981	-0.57762
22.84	-0.027188	-4.0817	90.215	-0.20981	-0.57762
22.534	-0.027273	-4.084	90.239	-0.20487	-0.55974
22.534	-0.027273	-4.084	90.239	-0.20487	-0.55974
22.229	-0.027447	-4.0859	90.231	-0.2295	-0.52873
22.229	-0.027447	-4.0859	90.231	-0.2295	-0.52873
21.925	-0.027666	-4.089	90.259	-0.22009	-0.54141
21.925	-0.027666	-4.089	90.259	-0.22009	-0.54141
21.622	-0.027899	-4.0923	90.267	-0.21289	-0.53723
21.622	-0.027899	-4.0923	90.267	-0.21289	-0.53723
21.318	-0.028229	-4.0962	90.295	-0.21315	-0.53876
21.318	-0.028229	-4.0962	90.295	-0.21315	-0.53876
21.014	-0.02862	-4.1002	90.305	-0.19262	-0.54502
21.014	-0.02862	-4.1002	90.305	-0.19262	-0.54502
20.711	-0.029041	-4.1045	90.307	-0.20589	-0.52354
20.711	-0.029041	-4.1045	90.307	-0.20589	-0.52354
20.407	-0.029516	-4.1079	90.318	-0.22018	-0.5021
20.407	-0.029516	-4.1079	90.318	-0.22018	-0.5021
20.103	-0.030309	-4.1115	90.316	-0.24514	-0.50358
20.103	-0.030309	-4.1115	90.316	-0.24514	-0.50358
19.8	-0.031152	-4.1153	90.308	-0.24712	-0.48861
19.8	-0.031152	-4.1153	90.308	-0.24712	-0.48861
19.496	-0.032117	-4.1201	90.303	-0.25009	-0.49452
19.496	-0.032117	-4.1201	90.303	-0.25009	-0.49452
19.193	-0.033166	-4.1247	90.286	-0.23928	-0.50108
19.193	-0.033166	-4.1247	90.286	-0.23928	-0.50108
18.89	-0.034166	-4.1298	90.281	-0.23885	-0.49925
18.89	-0.034166	-4.1298	90.281	-0.23885	-0.49925
18.588	-0.035237	-4.1346	90.293	-0.25438	-0.49509
18.588	-0.035237	-4.1346	90.293	-0.25438	-0.49509
18.284	-0.036487	-4.1396	90.28	-0.25193	-0.47394
18.284	-0.036487	-4.1396	90.28	-0.25193	-0.47394
17.98	-0.03777	-4.1433	90.272	-0.27224	-0.46474
17.98	-0.03777	-4.1433	90.272	-0.27224	-0.46474
17.676	-0.03913	-4.1465	90.224	-0.25538	-0.4558
17.676	-0.03913	-4.1465	90.224	-0.25538	-0.4558
17.372	-0.040477	-4.1494	90.232	-0.24009	-0.45028
17.372	-0.040477	-4.1494	90.232	-0.24009	-0.45028
17.068	-0.041882	-4.1534	90.258	-0.22248	-0.47446
17.068	-0.041882	-4.1534	90.258	-0.22248	-0.47446
16.763	-0.043146	-4.1585	90.253	-0.19368	-0.48527
16.763	-0.043146	-4.1585	90.253	-0.19368	-0.48527
16.459	-0.044342	-4.1636	90.268	-0.15048	-0.46654
16.459	-0.044342	-4.1636	90.268	-0.15048	-0.46654
16.154	-0.045635	-4.17	90.254	-0.14418	-0.44567
16.154	-0.045635	-4.17	90.254	-0.14418	-0.44567
15.85	-0.046891	-4.1761	90.28	-0.17155	-0.46195
15.85	-0.046891	-4.1761	90.28	-0.17155	-0.46195
15.546	-0.048293	-4.1826	90.267	-0.17048	-0.43122
15.546	-0.048293	-4.1826	90.267	-0.17048	-0.43122
15.242	-0.049714	-4.189	90.313	-0.17503	-0.38389
15.242	-0.049714	-4.189	90.313	-0.17503	-0.38389
14.939	-0.051088	-4.1942	90.317	-0.16172	-0.38737
14.939	-0.051088	-4.1942	90.317	-0.16172	-0.38737
14.636	-0.052592	-4.1998	90.336	-0.1622	-0.36783
14.636	-0.052592	-4.1998	90.336	-0.1622	-0.36783
14.334	-0.054173	-4.2055	90.313	-0.15717	-0.38901
14.334	-0.054173	-4.2055	90.313	-0.15717	-0.38901
14.033	-0.055838	-4.2115	90.328	-0.1663	-0.39895
14.033	-0.055838	-4.2115	90.328	-0.1663	-0.39895
13.732	-0.057519	-4.217	90.303	-0.19144	-0.41116
13.732	-0.057519	-4.217	90.303	-0.19144	-0.41116
13.43	-0.05934	-4.2222	90.311	-0.19443	-0.42373
13.43	-0.05934	-4.2222	90.311	-0.19443	-0.42373
13.128	-0.061209	-4.2284	90.297	-0.19911	-0.45617
13.128	-0.061209	-4.2284	90.297	-0.19911	-0.45617
12.824	-0.063155	-4.2338	90.304	-0.18743	-0.45107
12.824	-0.063155	-4.2338	90.304	-0.18743	-0.45107
12.521	-0.065114	-4.2387	90.32	-0.17876	-0.42373
12.521	-0.065114	-4.2387	90.32	-0.17876	-0.42373
12.218	-0.067138	-4.2433	90.328	-0.18512	-0.40351
12.218	-0.067138	-4.2433	90.328	-0.18512	-0.40351
11.914	-0.069254	-4.2474	90.355	-0.1994	-0.39838
11.914	-0.069254	-4.2474	90.355	-0.1994	-0.39838
11.61	-0.071357	-4.2519	90.355	-0.19472	-0.41498
11.61	-0.071357	-4.2519	90.355	-0.19472	-0.41498
11.307	-0.073509	-4.2573	90.383	-0.21303	-0.41035
11.307	-0.073509	-4.2573	90.383	-0.21303	-0.41035
11.003	-0.075682	-4.2625	90.381	-0.20076	-0.42592
11.003	-0.075682	-4.2625	90.381	-0.20076	-0.42592
10.7	-0.077717	-4.2665	90.378	-0.18696	-0.43531
10.7	-0.077717	-4.2665	90.378	-0.18696	-0.43531
10.398	-0.079868	-4.2702	90.41	-0.20911	-0.45139
10.398	-0.079868	-4.2702	90.41	-0.20911	-0.45139
10.095	-0.082077	-4.2739	90.403	-0.2355	-0.46231
10.095	-0.082077	-4.2739	90.403	-0.2355	-0.46231
9.793	-0.084255	-4.2781	90.411	-0.2334	-0.45491
9.793	-0.084255	-4.2781	90.411	-0.2334	-0.45491
9.4909	-0.086462	-4.2824	90.384	-0.20691	-0.44824
9.4909	-0.086462	-4.2824	90.384	-0.20691	-0.44824
9.1894	-0.088649	-4.2858	90.408	-0.21505	-0.45019
9.1894	-0.088649	-4.2858	90.408	-0.21505	-0.45019
8.888	-0.090842	-4.2892	90.426	-0.20284	-0.45458
8.888	-0.090842	-4.2892	90.426	-0.20284	-0.45458
8.5871	-0.092922	-4.2926	90.415	-0.17129	-0.45684
8.5871	-0.092922	-4.2926	90.415	-0.17129	-0.45684
8.2852	-0.094705	-4.2955	90.403	-0.14711	-0.45682
8.2852	-0.094705	-4.2955	90.403	-0.14711	-0.45682
7.9814	-0.096416	-4.2973	90.429	-0.14775	-0.45387
7.9814	-0.096416	-4.2973	90.429	-0.14775	-0.45387
7.6774	-0.098097	-4.2983	90.423	-0.16724	-0.45349
7.6774	-0.098097	-4.2983	90.423	-0.16724	-0.45349
7.3733	-0.099975	-4.2993	90.428	-0.17503	-0.47475
7.3733	-0.099975	-4.2993	90.428	-0.17503	-0.47475
7.0693	-0.1017	-4.2998	90.426	-0.15243	-0.4737
7.0693	-0.1017	-4.2998	90.426	-0.15243	-0.4737
6.7663	-0.10319	-4.3	90.42	-0.13321	-0.44903
6.7663	-0.10319	-4.3	90.42	-0.13321	-0.44903
6.4629	-0.10454	-4.299	90.43	-0.10897	-0.44672
6.4629	-0.10454	-4.299	90.43	-0.10897	-0.44672
6.1592	-0.10582	-4.2971	90.447	-0.14179	-0.45469
6.1592	-0.10582	-4.2971	90.447	-0.14179	-0.45469
5.8558	-0.1072	-4.2956	90.464	-0.13619	-0.45987
5.8558	-0.1072	-4.2956	90.464	-0.13619	-0.45987
5.5527	-0.10862	-4.2939	90.471	-0.13903	-0.47559
5.5527	-0.10862	-4.2939	90.471	-0.13903	-0.47559
5.2496	-0.10995	-4.2927	90.464	-0.12977	-0.46656
5.2496	-0.10995	-4.2927	90.464	-0.12977	-0.46656
4.9452	-0.11123	-4.2921	90.46	-0.13457	-0.45846
4.9452	-0.11123	-4.2921	90.46	-0.13457	-0.45846
4.6406	-0.1125	-4.291	90.469	-0.1204	-0.43329
4.6406	-0.1125	-4.291	90.469	-0.1204	-0.43329
4.3366	-0.1139	-4.2902	90.501	-0.13901	-0.43509
4.3366	-0.1139	-4.2902	90.501	-0.13901	-0.43509
4.0326	-0.11533	-4.2894	90.489	-0.13912	-0.43387
4.0326	-0.11533	-4.2894	90.489	-0.13912	-0.43387
3.7288	-0.1168	-4.2888	90.483	-0.15218	-0.39749
3.7288	-0.1168	-4.2888	90.483	-0.15218	-0.39749
3.4256	-0.11843	-4.2751	85.478	-0.16028	-0.40124
3.4256	-0.11843	-4.2751	85.478	-0.16028	-0.40124
3.1246	-0.1203	-4.2346	80.503	-0.14446	-0.42324
3.1246	-0.1203	-4.2346	80.503	-0.14446	-0.42324
2.8274	-0.12201	-4.1673	75.502	-0.10776	-0.46546
2.8274	-0.12201	-4.1673	75.502	-0.10776	-0.46546
2.5363	-0.12339	-4.0749	70.524	-0.037922	-0.47516
2.5363	-0.12339	-4.0749	70.524	-0.037922	-0.47516
2.255	-0.12438	-3.958	65.516	-0.026397	-0.4866
2.255	-0.12438	-3.958	65.516	-0.026397	-0.4866
1.9858	-0.12524	-3.8172	60.528	0.0034514	-0.465
1.9858	-0.12524	-3.8172	60.528	0.0034514	-0.465
1.7308	-0.126	-3.6536	55.509	0.021989	-0.47437
1.7308	-0.126	-3.6536	55.509	0.021989	-0.47437
1.4909	-0.12654	-3.468	50.527	0.087537	-0.47119
1.4909	-0.12654	-3.468	50.527	0.087537	-0.47119
1.2673	-0.12666	-3.2615	45.521	0.16591	-0.44692
1.2673	-0.12666	-3.2615	45.521	0.16591	-0.44692
1.0627	-0.12645	-3.0365	40.518	0.19298	-0.41813
1.0627	-0.12645	-3.0365	40.518	0.19298	-0.41813
0.87858	-0.12614	-2.7947	35.506	0.20544	-0.42747
0.87858	-0.12614	-2.7947	35.506	0.20544	-0.42747
0.71805	-0.12573	-2.538	30.487	0.22635	-0.42525
0.71805	-0.12573	-2.538	30.487	0.22635	-0.42525
0.58073	-0.12516	-2.2682	25.472	0.27118	-0.40702
0.58073	-0.12516	-2.2682	25.472	0.27118	-0.40702
0.46702	-0.1243	-1.9864	20.446	0.32814	-0.41089
0.46702	-0.1243	-1.9864	20.446	0.32814	-0.41089
0.37751	-0.12329	-1.6963	15.431	0.34488	-0.37086
0.37751	-0.12329	-1.6963	15.431	0.34488	-0.37086
0.31291	-0.12211	-1.3994	10.412	0.38013	-0.31785
0.31291	-0.12211	-1.3994	10.412	0.38013	-0.31785
0.27466	-0.12081	-1.097	5.4122	0.39461	-0.26559