0	0	0	30	-15	0
0	0	0	30	-15	0
0	0	0	30	-15	0
0.012375	-1.0255e-10	0.021695	30	-15	0
0.012375	-1.0255e-10	0.021695	30	-15	0
0.049752	-2.8419e-09	0.087218	30	-15	0
0.049752	-2.8419e-09	0.087218	30	-15	0
0.11213	-1.4737e-08	0.19657	30	-15	0
0.11213	-1.4737e-08	0.19657	30	-15	0
0.19951	-4.6752e-08	0.34975	30	-15	0
0.19951	-4.6752e-08	0.34975	30	-15	0
0.29951	-1.0541e-07	0.52506	30	-15	0
0.29951	-1.0541e-07	0.52506	30	-15	0
0.39952	-1.872e-07	0.70037	30	-15	0
0.39952	-1.872e-07	0.70037	30	-15	0
0.49952	-2.9252e-07	0.87568	30	-15	0
0.49952	-2.9252e-07	0.87568	30	-15	0
0.59953	-4.2118e-07	1.051	30	-15	0
0.59953	-4.2118e-07	1.051	30	-15	0
0.69953	-5.7363e-07	1.2263	30	-15	0
0.69953	-5.7363e-07	1.2263	30	-15	0
0.79954	-7.4913e-07	1.4016	30	-15	0
0.79954	-7.4913e-07	1.4016	30	-15	0
0.89954	-9.4845e-07	1.5769	30	-15	0
0.89954	-9.4845e-07	1.5769	30	-15	0
0.99955	-1.1712e-06	1.7522	30	-15	0
0.99955	-1.1712e-06	1.7522	30	-15	0
1.0996	-1.4171e-06	1.9276	30	-15	0
1.0996	-1.4171e-06	1.9276	30	-15	0
1.1996	-1.6865e-06	2.1029	30	-15	0
1.1996	-1.6865e-06	2.1029	30	-15	0
1.2996	-1.9797e-06	2.2782	30	-15	0
1.2996	-1.9797e-06	2.2782	30	-15	0
1.3996	-2.296e-06	2.4535	30	-15	0
1.3996	-2.296e-06	2.4535	30	-15	0
1.4996	-2.6357e-06	2.6288	30	-15	0
1.4996	-2.6357e-06	2.6288	30	-15	0
1.5996	-2.999e-06	2.8041	30	-15	0
1.5996	-2.999e-06	2.8041	30	-15	0
1.6996	-3.3859e-06	2.9794	30	-15	0
1.6996	-3.3859e-06	2.9794	30	-15	0
1.7996	-3.796e-06	3.1548	30	-15	0
1.7996	-3.796e-06	3.1548	30	-15	0
1.8996	-4.2295e-06	3.3301	30	-15	0
1.8996	-4.2295e-06	3.3301	30	-15	0
1.9996	-4.6865e-06	3.5054	30	-15	0
1.9996	-4.6865e-06	3.5054	30	-15	0
2.0996	-5.1673e-06	3.6807	30	-15	0
2.0996	-5.1673e-06	3.6807	30	-15	0
2.1996	-5.6712e-06	3.856	30	-15	0
2.1996	-5.6712e-06	3.856	30	-15	0
2.2996	-6.1986e-06	4.0313	30	-15	0
2.2996	-6.1986e-06	4.0313	30	-15	0
2.3996	-6.7495e-06	4.2067	30	-15	0
2.3996	-6.7495e-06	4.2067	30	-15	0
2.4997	-7.3238e-06	4.382	30	-15	0
2.4997	-7.3238e-06	4.382	30	-15	0
2.5997	-7.9214e-06	4.5573	30	-15	0
2.5997	-7.9214e-06	4.5573	30	-15	0
2.6997	-8.5428e-06	4.7326	30	-15	0
2.6997	-8.5428e-06	4.7326	30	-15	0
2.7997	-9.1875e-06	4.9079	30	-15	0
2.7997	-9.1875e-06	4.9079	30	-15	0
2.8997	-9.8556e-06	5.0832	30	-15	0
2.8997	-9.8556e-06	5.0832	30	-15	0
2.9997	-1.0547e-05	5.2586	30	-15	0
2.9997	-1.0547e-05	5.2586	30	-15	0
3.0997	-1.1262e-05	5.4339	30	-15	0
3.0997	-1.1262e-05	5.4339	30	-15	0
3.1997	-1.2e-05	5.6092	30	-15	0
3.1997	-1.2e-05	5.6092	30	-15	0
3.2997	-1.2762e-05	5.7845	30	-15	0
3.2997	-1.2762e-05	5.7845	30	-15	0
3.3997	-1.3547e-05	5.9598	30	-15	0
3.3997	-1.3547e-05	5.9598	30	-15	0
3.4997	-1.4356e-05	6.1351	30	-15	0
3.4997	-1.4356e-05	6.1351	30	-15	0
3.5998	-1.5189e-05	6.3105	30	-15	0
3.5998	-1.5189e-05	6.3105	30	-15	0
3.6998	-1.6044e-05	6.4858	30	-15	0
3.6998	-1.6044e-05	6.4858	30	-15	0
3.7998	-1.6923e-05	6.6611	30	-15	0
3.7998	-1.6923e-05	6.6611	30	-15	0
3.8998	-1.7826e-05	6.8364	30	-15	0
3.8998	-1.7826e-05	6.8364	30	-15	0
3.9998	-1.8752e-05	7.0117	30	-15	0
3.9998	-1.8752e-05	7.0117	30	-15	0
4.0998	-1.9701e-05	7.1871	30	-15	0
4.0998	-1.9701e-05	7.1871	30	-15	0
4.1998	-2.0674e-05	7.3624	30	-15	0
4.1998	-2.0674e-05	7.3624	30	-15	0
4.2998	-2.1671e-05	7.5377	30	-15	0
4.2998	-2.1671e-05	7.5377	30	-15	0
4.3999	-2.269e-05	7.713	30	-15	0
4.3999	-2.269e-05	7.713	30	-15	0
4.4999	-2.3734e-05	7.8883	30	-15	0
4.4999	-2.3734e-05	7.8883	30	-15	0
4.5999	-2.48e-05	8.0637	30	-15	0
4.5999	-2.48e-05	8.0637	30	-15	0
4.6999	-2.5891e-05	8.239	30	-15	0
4.6999	-2.5891e-05	8.239	30	-15	0
4.7999	-2.7004e-05	8.4143	30	-15	0
4.7999	-2.7004e-05	8.4143	30	-15	0
4.8999	-2.8141e-05	8.5896	30	-15	0
4.8999	-2.8141e-05	8.5896	30	-15	0
4.9999	-2.9302e-05	8.765	30	-15	0
4.9999	-2.9302e-05	8.765	30	-15	0
5.0999	-3.0486e-05	8.9403	30	-15	0
5.0999	-3.0486e-05	8.9403	30	-15	0
5.2	-3.1693e-05	9.1156	30	-15	0
5.2	-3.1693e-05	9.1156	30	-15	0
5.3	-3.2924e-05	9.2909	30	-15	0
5.3	-3.2924e-05	9.2909	30	-15	0
5.4	-3.4178e-05	9.4662	30	-15	0
5.4	-3.4178e-05	9.4662	30	-15	0
5.5	-3.5456e-05	9.6416	30	-15	0
5.5	-3.5456e-05	9.6416	30	-15	0
5.6	-3.6757e-05	9.8169	30	-15	0
5.6	-3.6757e-05	9.8169	30	-15	0
5.7	-3.8082e-05	9.9922	30	-15	0
5.7	-3.8082e-05	9.9922	30	-15	0
5.8	-3.943e-05	10.168	30.017	-15	0
5.8	-3.943e-05	10.168	30.017	-15	0
5.8993	-4.0807e-05	10.344	30.874	-15	0
5.8993	-4.0807e-05	10.344	30.874	-15	0
5.997	-4.2218e-05	10.523	31.731	-15	0
5.997	-4.2218e-05	10.523	31.731	-15	0
6.0931	-4.3663e-05	10.705	32.589	-15	0
6.0931	-4.3663e-05	10.705	32.589	-15	0
6.1876	-4.5143e-05	10.89	33.446	-15	0
6.1876	-4.5143e-05	10.89	33.446	-15	0
6.2805	-4.6658e-05	11.077	34.303	-15	0
6.2805	-4.6658e-05	11.077	34.303	-15	0
6.3717	-4.8208e-05	11.266	35.16	-15	0
6.3717	-4.8208e-05	11.266	35.16	-15	0
6.4611	-4.9793e-05	11.458	36.017	-15	0
6.4611	-4.9793e-05	11.458	36.017	-15	0
6.5488	-5.1414e-05	11.652	36.874	-15	0
6.5488	-5.1414e-05	11.652	36.874	-15	0
6.6348	-5.3071e-05	11.849	37.731	-15	0
6.6348	-5.3071e-05	11.849	37.731	-15	0
6.7188	-5.4764e-05	12.048	38.589	-15	0
6.7188	-5.4764e-05	12.048	38.589	-15	0
6.801	-5.6493e-05	12.25	39.446	-15	0
6.801	-5.6493e-05	12.25	39.446	-15	0
6.8813	-5.8258e-05	12.454	40.303	-15	0
6.8813	-5.8258e-05	12.454	40.303	-15	0
6.9597	-6.006e-05	12.66	41.16	-15	0
6.9597	-6.006e-05	12.66	41.16	-15	0
7.0361	-6.1899e-05	12.868	42.017	-15	0
7.0361	-6.1899e-05	12.868	42.017	-15	0
7.1105	-6.3776e-05	13.079	42.874	-15	0
7.1105	-6.3776e-05	13.079	42.874	-15	0
7.1829	-6.5689e-05	13.292	43.731	-15	0
7.1829	-6.5689e-05	13.292	43.731	-15	0
7.2532	-6.764e-05	13.507	44.589	-15	0
7.2532	-6.764e-05	13.507	44.589	-15	0
7.3214	-6.9629e-05	13.724	45.446	-15	0
7.3214	-6.9629e-05	13.724	45.446	-15	0
7.3875	-7.1656e-05	13.944	46.303	-15	0
7.3875	-7.1656e-05	13.944	46.303	-15	0
7.4514	-7.372e-05	14.165	47.16	-15	0
7.4514	-7.372e-05	14.165	47.16	-15	0
7.5131	-7.5823e-05	14.389	48.017	-15	0
7.5131	-7.5823e-05	14.389	48.017	-15	0
7.5725	-7.7964e-05	14.614	48.874	-15	0
7.5725	-7.7964e-05	14.614	48.874	-15	0
7.6298	-8.0143e-05	14.842	49.731	-15	0
7.6298	-8.0143e-05	14.842	49.731	-15	0
7.6847	-8.2362e-05	15.072	50.589	-15	0
7.6847	-8.2362e-05	15.072	50.589	-15	0
7.7374	-8.4618e-05	15.303	51.446	-15	0
7.7374	-8.4618e-05	15.303	51.446	-15	0
7.7877	-8.6913e-05	15.536	52.303	-15	0
7.7877	-8.6913e-05	15.536	52.303	-15	0
7.8356	-8.9248e-05	15.772	53.16	-15	0
7.8356	-8.9248e-05	15.772	53.16	-15	0
7.8811	-9.1621e-05	16.009	54.017	-15	0
7.8811	-9.1621e-05	16.009	54.017	-15	0
7.9242	-9.4034e-05	16.247	54.874	-15	0
7.9242	-9.4034e-05	16.247	54.874	-15	0
7.9649	-9.6486e-05	16.488	55.714	-15	0
7.9649	-9.6486e-05	16.488	55.714	-15	0
8.0044	-9.8974e-05	16.729	55.714	-15	0
8.0044	-9.8974e-05	16.729	55.714	-15	0
8.0439	-0.0001015	16.971	55.714	-15	0
8.0439	-0.0001015	16.971	55.714	-15	0
8.0833	-0.00010406	17.212	55.714	-15	0
8.0833	-0.00010406	17.212	55.714	-15	0
8.1228	-0.00010665	17.453	55.714	-15	0
8.1228	-0.00010665	17.453	55.714	-15	0
8.1623	-0.00010927	17.695	55.714	-15	0
8.1623	-0.00010927	17.695	55.714	-15	0
8.2017	-0.00011193	17.936	55.714	-15	0
8.2017	-0.00011193	17.936	55.714	-15	0
8.2412	-0.00011463	18.177	55.714	-15	0
8.2412	-0.00011463	18.177	55.714	-15	0
8.2807	-0.00011736	18.419	55.714	-15	0
8.2807	-0.00011736	18.419	55.714	-15	0
8.3202	-0.00012012	18.66	55.714	-15	0
8.3202	-0.00012012	18.66	55.714	-15	0
8.3596	-0.00012292	18.902	55.714	-15	0
8.3596	-0.00012292	18.902	55.714	-15	0
8.3991	-0.00012575	19.143	55.714	-15	0
8.3991	-0.00012575	19.143	55.714	-15	0
8.4386	-0.00012862	19.384	55.714	-15	0
8.4386	-0.00012862	19.384	55.714	-15	0
8.4781	-0.00013152	19.626	55.714	-15	0
8.4781	-0.00013152	19.626	55.714	-15	0
8.5175	-0.00013446	19.867	55.714	-15	0
8.5175	-0.00013446	19.867	55.714	-15	0
8.557	-0.00013743	20.108	55.714	-15	0
8.557	-0.00013743	20.108	55.714	-15	0
8.5965	-0.00014043	20.35	55.714	-15	0
8.5965	-0.00014043	20.35	55.714	-15	0
8.636	-0.00014347	20.591	55.714	-15	0
8.636	-0.00014347	20.591	55.714	-15	0
8.6754	-0.00014655	20.832	55.714	-15	0
8.6754	-0.00014655	20.832	55.714	-15	0
8.7149	-0.00014966	21.074	55.714	-15	0
8.7149	-0.00014966	21.074	55.714	-15	0
8.7544	-0.0001528	21.315	55.714	-15	0
8.7544	-0.0001528	21.315	55.714	-15	0
8.7939	-0.00015598	21.557	55.714	-15	0
8.7939	-0.00015598	21.557	55.714	-15	0
8.8334	-0.00015919	21.798	55.714	-15	0
8.8334	-0.00015919	21.798	55.714	-15	0
8.8728	-0.00016243	22.039	55.714	-15	0
8.8728	-0.00016243	22.039	55.714	-15	0
8.9123	-0.00016571	22.281	55.714	-15	0
8.9123	-0.00016571	22.281	55.714	-15	0
8.9518	-0.00016903	22.522	55.714	-15	0
8.9518	-0.00016903	22.522	55.714	-15	0
8.9913	-0.00017238	22.763	55.714	-15	0
8.9913	-0.00017238	22.763	55.714	-15	0
9.0307	-0.00017576	23.005	55.714	-15	0
9.0307	-0.00017576	23.005	55.714	-15	0
9.0702	-0.00017918	23.246	55.714	-15	0
9.0702	-0.00017918	23.246	55.714	-15	0
9.1097	-0.00018263	23.488	55.714	-15	0
9.1097	-0.00018263	23.488	55.714	-15	0
9.1492	-0.00018612	23.729	55.714	-15	0
9.1492	-0.00018612	23.729	55.714	-15	0
9.1887	-0.00018964	23.97	55.714	-15	0
9.1887	-0.00018964	23.97	55.714	-15	0
9.2281	-0.0001932	24.212	55.714	-15	0
9.2281	-0.0001932	24.212	55.714	-15	0
9.2676	-0.00019679	24.453	55.714	-15	0
9.2676	-0.00019679	24.453	55.714	-15	0
9.3071	-0.00020041	24.694	55.714	-15	0
9.3071	-0.00020041	24.694	55.714	-15	0
9.3466	-0.00020407	24.936	55.714	-15	0
9.3466	-0.00020407	24.936	55.714	-15	0
9.3861	-0.00020777	25.177	55.714	-15	0
9.3861	-0.00020777	25.177	55.714	-15	0
9.4255	-0.00021149	25.419	55.714	-15	0
9.4255	-0.00021149	25.419	55.714	-15	0
9.465	-0.00021526	25.66	55.714	-15	0
9.465	-0.00021526	25.66	55.714	-15	0
9.5045	-0.00021905	25.901	55.714	-15	0
9.5045	-0.00021905	25.901	55.714	-15	0
9.544	-0.00022288	26.143	55.714	-15	0
9.544	-0.00022288	26.143	55.714	-15	0
9.5835	-0.00022675	26.384	55.714	-15	0
9.5835	-0.00022675	26.384	55.714	-15	0
9.6229	-0.00023065	26.625	55.714	-15	0
9.6229	-0.00023065	26.625	55.714	-15	0
9.6624	-0.00023459	26.867	55.714	-15	0
9.6624	-0.00023459	26.867	55.714	-15	0
9.7019	-0.00023855	27.108	55.714	-15	0
9.7019	-0.00023855	27.108	55.714	-15	0
9.7414	-0.00024256	27.35	55.714	-15	0
9.7414	-0.00024256	27.35	55.714	-15	0
9.7809	-0.0002466	27.591	55.714	-15	0
9.7809	-0.0002466	27.591	55.714	-15	0
9.8203	-0.00025067	27.832	55.714	-15	0
9.8203	-0.00025067	27.832	55.714	-15	0
9.8598	-0.00025478	28.074	55.714	-15	0
9.8598	-0.00025478	28.074	55.714	-15	0
9.8993	-0.00025892	28.315	55.714	-15	0
9.8993	-0.00025892	28.315	55.714	-15	0
9.9388	-0.00026309	28.556	55.714	-15	0
9.9388	-0.00026309	28.556	55.714	-15	0
9.9783	-0.0002673	28.798	55.714	-15	0
9.9783	-0.0002673	28.798	55.714	-15	0
10.018	-0.00027155	29.039	55.714	-15	0
10.018	-0.00027155	29.039	55.714	-15	0
10.057	-0.00027583	29.281	55.714	-15	0
10.057	-0.00027583	29.281	55.714	-15	0
10.097	-0.00028014	29.522	55.714	-15	0
10.097	-0.00028014	29.522	55.714	-15	0
10.136	-0.00028449	29.763	55.714	-15	0
10.136	-0.00028449	29.763	55.714	-15	0
10.176	-0.00028887	30.005	55.714	-15	0
10.176	-0.00028887	30.005	55.714	-15	0
10.215	-0.00029329	30.246	55.714	-15	0
10.215	-0.00029329	30.246	55.714	-15	0
10.255	-0.00029774	30.487	55.714	-15	0
10.255	-0.00029774	30.487	55.714	-15	0
10.294	-0.00030222	30.729	55.714	-15	0
10.294	-0.00030222	30.729	55.714	-15	0
10.334	-0.00030674	30.97	55.69	-15	0
10.334	-0.00030674	30.97	55.69	-15	0
10.375	-0.00031129	31.21	54.49	-15	0
10.375	-0.00031129	31.21	54.49	-15	0
10.42	-0.00031584	31.448	53.29	-15	0
10.42	-0.00031584	31.448	53.29	-15	0
10.468	-0.0003204	31.683	52.09	-15	0
10.468	-0.0003204	31.683	52.09	-15	0
10.519	-0.00032497	31.916	50.89	-15	0
10.519	-0.00032497	31.916	50.89	-15	0
10.573	-0.00032953	32.145	49.69	-15	0
10.573	-0.00032953	32.145	49.69	-15	0
10.631	-0.0003341	32.373	48.49	-15	0
10.631	-0.0003341	32.373	48.49	-15	0
10.692	-0.00033867	32.597	47.29	-15	0
10.692	-0.00033867	32.597	47.29	-15	0
10.756	-0.00034323	32.818	46.09	-15	0
10.756	-0.00034323	32.818	46.09	-15	0
10.823	-0.00034779	33.037	44.89	-15	0
10.823	-0.00034779	33.037	44.89	-15	0
10.893	-0.00035234	33.252	43.69	-15	0
10.893	-0.00035234	33.252	43.69	-15	0
10.966	-0.00035688	33.465	42.49	-15	0
10.966	-0.00035688	33.465	42.49	-15	0
11.042	-0.0003614	33.674	41.29	-15	0
11.042	-0.0003614	33.674	41.29	-15	0
11.12	-0.00036591	33.88	40.09	-15	0
11.12	-0.00036591	33.88	40.09	-15	0
11.201	-0.00037039	34.083	38.89	-15	0
11.201	-0.00037039	34.083	38.89	-15	0
11.285	-0.00037486	34.283	37.69	-15	0
11.285	-0.00037486	34.283	37.69	-15	0
11.371	-0.00037931	34.479	36.49	-15	0
11.371	-0.00037931	34.479	36.49	-15	0
11.46	-0.00038373	34.672	35.29	-15	0
11.46	-0.00038373	34.672	35.29	-15	0
11.552	-0.00038812	34.861	34.09	-15	0
11.552	-0.00038812	34.861	34.09	-15	0
11.645	-0.00039249	35.047	32.89	-15	0
11.645	-0.00039249	35.047	32.89	-15	0
11.741	-0.00039682	35.229	31.69	-15	0
11.741	-0.00039682	35.229	31.69	-15	0
11.839	-0.00040111	35.408	30.49	-15	0
11.839	-0.00040111	35.408	30.49	-15	0
11.939	-0.00040538	35.583	29.29	-15	0
11.939	-0.00040538	35.583	29.29	-15	0
12.042	-0.0004096	35.754	28.09	-15	0
12.042	-0.0004096	35.754	28.09	-15	0
12.146	-0.00041378	35.922	26.89	-15	0
12.146	-0.00041378	35.922	26.89	-15	0
12.252	-0.00041792	36.085	25.69	-15	0
12.252	-0.00041792	36.085	25.69	-15	0
12.36	-0.00042201	36.245	24.49	-15	0
12.36	-0.00042201	36.245	24.49	-15	0
12.469	-0.00042606	36.402	23.29	-15	0
12.469	-0.00042606	36.402	23.29	-15	0
12.581	-0.00043006	36.554	22.09	-15	0
12.581	-0.00043006	36.554	22.09	-15	0
12.694	-0.00043401	36.702	20.89	-15	0
12.694	-0.00043401	36.702	20.89	-15	0
12.808	-0.0004379	36.846	19.714	-15	0
12.808	-0.0004379	36.846	19.714	-15	0
12.923	-0.00044178	36.989	19.714	-15	0
12.923	-0.00044178	36.989	19.714	-15	0
13.038	-0.00044568	37.131	19.714	-15	0
13.038	-0.00044568	37.131	19.714	-15	0
13.153	-0.00044959	37.274	19.714	-15	0
13.153	-0.00044959	37.274	19.714	-15	0
13.269	-0.00045353	37.416	19.714	-15	0
13.269	-0.00045353	37.416	19.714	-15	0
13.384	-0.00045748	37.558	19.714	-15	0
13.384	-0.00045748	37.558	19.714	-15	0
13.499	-0.00046146	37.701	19.714	-15	0
13.499	-0.00046146	37.701	19.714	-15	0
13.614	-0.00046545	37.843	19.714	-15	0
13.614	-0.00046545	37.843	19.714	-15	0
13.729	-0.00046947	37.986	19.714	-15	0
13.729	-0.00046947	37.986	19.714	-15	0
13.844	-0.0004735	38.128	19.714	-15	0
13.844	-0.0004735	38.128	19.714	-15	0
13.959	-0.00047755	38.27	19.714	-15	0
13.959	-0.00047755	38.27	19.714	-15	0
14.074	-0.00048162	38.413	19.714	-15	0
14.074	-0.00048162	38.413	19.714	-15	0
14.189	-0.00048571	38.555	19.714	-15	0
14.189	-0.00048571	38.555	19.714	-15	0
14.304	-0.00048982	38.698	19.714	-15	0
14.304	-0.00048982	38.698	19.714	-15	0
14.419	-0.00049395	38.84	19.714	-15	0
14.419	-0.00049395	38.84	19.714	-15	0
14.535	-0.0004981	38.983	19.714	-15	0
14.535	-0.0004981	38.983	19.714	-15	0
14.65	-0.00050227	39.125	19.714	-15	0
14.65	-0.00050227	39.125	19.714	-15	0
14.765	-0.00050645	39.267	19.714	-15	0
14.765	-0.00050645	39.267	19.714	-15	0
14.88	-0.00051066	39.41	19.714	-15	0
14.88	-0.00051066	39.41	19.714	-15	0
14.995	-0.00051488	39.552	19.714	-15	0
14.995	-0.00051488	39.552	19.714	-15	0
15.11	-0.00051913	39.695	19.714	-15	0
15.11	-0.00051913	39.695	19.714	-15	0
15.225	-0.00052339	39.837	19.714	-15	0
15.225	-0.00052339	39.837	19.714	-15	0
15.34	-0.00052768	39.979	19.714	-15	0
15.34	-0.00052768	39.979	19.714	-15	0
15.455	-0.00053198	40.122	19.714	-15	0
15.455	-0.00053198	40.122	19.714	-15	0
15.57	-0.0005363	40.264	19.714	-15	0
15.57	-0.0005363	40.264	19.714	-15	0
15.686	-0.00054064	40.407	19.714	-15	0
15.686	-0.00054064	40.407	19.714	-15	0
15.801	-0.000545	40.549	19.714	-15	0
15.801	-0.000545	40.549	19.714	-15	0
15.916	-0.00054938	40.691	19.714	-15	0
15.916	-0.00054938	40.691	19.714	-15	0
16.031	-0.00055378	40.834	19.714	-15	0
16.031	-0.00055378	40.834	19.714	-15	0
16.146	-0.0005582	40.976	19.714	-15	0
16.146	-0.0005582	40.976	19.714	-15	0
16.261	-0.00056264	41.119	19.714	-15	0
16.261	-0.00056264	41.119	19.714	-15	0
16.376	-0.0005671	41.261	19.714	-15	0
16.376	-0.0005671	41.261	19.714	-15	0
16.491	-0.00057157	41.403	19.714	-15	0
16.491	-0.00057157	41.403	19.714	-15	0
16.606	-0.00057607	41.546	19.714	-15	0
16.606	-0.00057607	41.546	19.714	-15	0
16.722	-0.00058058	41.688	19.714	-15	0
16.722	-0.00058058	41.688	19.714	-15	0
16.837	-0.00058512	41.831	19.714	-15	0
16.837	-0.00058512	41.831	19.714	-15	0
16.952	-0.00058967	41.973	19.714	-15	0
16.952	-0.00058967	41.973	19.714	-15	0
17.067	-0.00059424	42.116	19.714	-15	0
17.067	-0.00059424	42.116	19.714	-15	0
17.182	-0.00059884	42.258	19.714	-15	0
17.182	-0.00059884	42.258	19.714	-15	0
17.297	-0.00060345	42.4	19.714	-15	0
17.297	-0.00060345	42.4	19.714	-15	0
17.412	-0.00060808	42.543	19.714	-15	0
17.412	-0.00060808	42.543	19.714	-15	0
17.527	-0.00061273	42.685	19.714	-15	0
17.527	-0.00061273	42.685	19.714	-15	0
17.642	-0.0006174	42.828	19.714	-15	0
17.642	-0.0006174	42.828	19.714	-15	0
17.757	-0.00062209	42.97	19.714	-15	0
17.757	-0.00062209	42.97	19.714	-15	0
17.873	-0.00062679	43.112	19.714	-15	0
17.873	-0.00062679	43.112	19.714	-15	0
17.988	-0.00063152	43.255	19.714	-15	0
17.988	-0.00063152	43.255	19.714	-15	0
18.103	-0.00063627	43.397	19.714	-15	0
18.103	-0.00063627	43.397	19.714	-15	0
18.218	-0.00064103	43.54	19.714	-15	0
18.218	-0.00064103	43.54	19.714	-15	0
18.333	-0.00064582	43.682	19.714	-15	0
18.333	-0.00064582	43.682	19.714	-15	0
18.448	-0.00065062	43.825	19.714	-15	0
18.448	-0.00065062	43.825	19.714	-15	0
18.563	-0.00065545	43.967	19.714	-15	0
18.563	-0.00065545	43.967	19.714	-15	0
18.678	-0.00066029	44.109	19.714	-15	0
18.678	-0.00066029	44.109	19.714	-15	0
18.793	-0.00066515	44.252	19.714	-15	0
18.793	-0.00066515	44.252	19.714	-15	0
18.909	-0.00067004	44.394	19.714	-15	0
18.909	-0.00067004	44.394	19.714	-15	0
19.024	-0.00067494	44.537	19.714	-15	0
19.024	-0.00067494	44.537	19.714	-15	0
19.139	-0.00067986	44.679	19.714	-15	0
19.139	-0.00067986	44.679	19.714	-15	0
19.254	-0.0006848	44.821	19.714	-15	0
19.254	-0.0006848	44.821	19.714	-15	0
19.369	-0.00068976	44.964	19.714	-15	0
19.369	-0.00068976	44.964	19.714	-15	0
19.484	-0.00069474	45.106	19.714	-15	0
19.484	-0.00069474	45.106	19.714	-15	0
19.599	-0.00069973	45.249	19.714	-15	0
19.599	-0.00069973	45.249	19.714	-15	0
19.714	-0.00070475	45.391	19.744	-15	0
19.714	-0.00070475	45.391	19.744	-15	0
19.828	-0.00070984	45.536	21.244	-15	0
19.828	-0.00070984	45.536	21.244	-15	0
19.941	-0.00071506	45.686	22.744	-15	0
19.941	-0.00071506	45.686	22.744	-15	0
20.051	-0.00072041	45.841	24.244	-15	0
20.051	-0.00072041	45.841	24.244	-15	0
20.159	-0.00072588	46	25.744	-15	0
20.159	-0.00072588	46	25.744	-15	0
20.265	-0.00073147	46.165	27.244	-15	0
20.265	-0.00073147	46.165	27.244	-15	0
20.368	-0.00073718	46.334	28.744	-15	0
20.368	-0.00073718	46.334	28.744	-15	0
20.469	-0.00074301	46.508	30.244	-15	0
20.469	-0.00074301	46.508	30.244	-15	0
20.568	-0.00074895	46.686	31.744	-15	0
20.568	-0.00074895	46.686	31.744	-15	0
20.663	-0.00075501	46.869	33.244	-15	0
20.663	-0.00075501	46.869	33.244	-15	0
20.756	-0.00076118	47.056	34.744	-15	0
20.756	-0.00076118	47.056	34.744	-15	0
20.845	-0.00076745	47.248	36.244	-15	0
20.845	-0.00076745	47.248	36.244	-15	0
20.932	-0.00077383	47.444	37.744	-15	0
20.932	-0.00077383	47.444	37.744	-15	0
21.015	-0.00078031	47.644	39.244	-15	0
21.015	-0.00078031	47.644	39.244	-15	0
21.095	-0.00078689	47.848	40.744	-15	0
21.095	-0.00078689	47.848	40.744	-15	0
21.172	-0.00079357	48.056	42.244	-15	0
21.172	-0.00079357	48.056	42.244	-15	0
21.245	-0.00080035	48.268	43.744	-15	0
21.245	-0.00080035	48.268	43.744	-15	0
21.315	-0.00080721	48.484	45.244	-15	0
21.315	-0.00080721	48.484	45.244	-15	0
21.38	-0.00081416	48.704	46.744	-15	0
21.38	-0.00081416	48.704	46.744	-15	0
21.442	-0.0008212	48.928	48.244	-15	0
21.442	-0.0008212	48.928	48.244	-15	0
21.501	-0.00082832	49.154	49.744	-15	0
21.501	-0.00082832	49.154	49.744	-15	0
21.555	-0.00083552	49.385	51.244	-15	0
21.555	-0.00083552	49.385	51.244	-15	0
21.605	-0.0008428	49.618	52.744	-15	0
21.605	-0.0008428	49.618	52.744	-15	0
21.65	-0.00085015	49.855	54.244	-15	0
21.65	-0.00085015	49.855	54.244	-15	0
21.692	-0.00085757	50.095	55.744	-15	0
21.692	-0.00085757	50.095	55.744	-15	0
21.729	-0.00086505	50.338	57.244	-15	0
21.729	-0.00086505	50.338	57.244	-15	0
21.762	-0.0008726	50.584	58.744	-15	0
21.762	-0.0008726	50.584	58.744	-15	0
21.79	-0.00088021	50.832	60.244	-15	0
21.79	-0.00088021	50.832	60.244	-15	0
21.814	-0.00088788	51.083	61.744	-15	0
21.814	-0.00088788	51.083	61.744	-15	0
21.833	-0.00089559	51.337	63.244	-15	0
21.833	-0.00089559	51.337	63.244	-15	0
21.848	-0.00090336	51.593	64.714	-15	0
21.848	-0.00090336	51.593	64.714	-15	0
21.86	-0.00091117	51.85	64.714	-15	0
21.86	-0.00091117	51.85	64.714	-15	0
21.872	-0.00091902	52.107	64.714	-15	0
21.872	-0.00091902	52.107	64.714	-15	0
21.885	-0.0009269	52.365	64.714	-15	0
21.885	-0.0009269	52.365	64.714	-15	0
21.897	-0.00093483	52.622	64.714	-15	0
21.897	-0.00093483	52.622	64.714	-15	0
21.909	-0.00094279	52.879	64.714	-15	0
21.909	-0.00094279	52.879	64.714	-15	0
21.921	-0.00095079	53.136	64.714	-15	0
21.921	-0.00095079	53.136	64.714	-15	0
21.934	-0.00095882	53.393	64.714	-15	0
21.934	-0.00095882	53.393	64.714	-15	0
21.946	-0.0009669	53.65	64.714	-15	0
21.946	-0.0009669	53.65	64.714	-15	0
21.958	-0.00097502	53.907	64.714	-15	0
21.958	-0.00097502	53.907	64.714	-15	0
21.97	-0.00098317	54.165	64.714	-15	0
21.97	-0.00098317	54.165	64.714	-15	0
21.983	-0.00099136	54.422	64.714	-15	0
21.983	-0.00099136	54.422	64.714	-15	0
21.995	-0.00099959	54.679	64.714	-15	0
21.995	-0.00099959	54.679	64.714	-15	0
22.007	-0.0010079	54.936	64.714	-15	0
22.007	-0.0010079	54.936	64.714	-15	0
22.019	-0.0010162	55.193	64.714	-15	0
22.019	-0.0010162	55.193	64.714	-15	0
22.032	-0.0010245	55.45	64.714	-15	0
22.032	-0.0010245	55.45	64.714	-15	0
22.044	-0.0010329	55.708	64.714	-15	0
22.044	-0.0010329	55.708	64.714	-15	0
22.056	-0.0010413	55.965	64.714	-15	0
22.056	-0.0010413	55.965	64.714	-15	0
22.068	-0.0010498	56.222	64.714	-15	0
22.068	-0.0010498	56.222	64.714	-15	0
22.081	-0.0010583	56.479	64.714	-15	0
22.081	-0.0010583	56.479	64.714	-15	0
22.093	-0.0010668	56.736	64.714	-15	0
22.093	-0.0010668	56.736	64.714	-15	0
22.105	-0.0010754	56.993	64.714	-15	0
22.105	-0.0010754	56.993	64.714	-15	0
22.117	-0.001084	57.251	64.714	-15	0
22.117	-0.001084	57.251	64.714	-15	0
22.13	-0.0010926	57.508	64.714	-15	0
22.13	-0.0010926	57.508	64.714	-15	0
22.142	-0.0011013	57.765	64.714	-15	0
22.142	-0.0011013	57.765	64.714	-15	0
22.154	-0.00111	58.022	64.714	-15	0
22.154	-0.00111	58.022	64.714	-15	0
22.166	-0.0011188	58.279	64.714	-15	0
22.166	-0.0011188	58.279	64.714	-15	0
22.179	-0.0011276	58.536	64.714	-15	0
22.179	-0.0011276	58.536	64.714	-15	0
22.191	-0.0011364	58.794	64.714	-15	0
22.191	-0.0011364	58.794	64.714	-15	0
22.203	-0.0011453	59.051	64.714	-15	0
22.203	-0.0011453	59.051	64.714	-15	0
22.215	-0.0011542	59.308	64.714	-15	0
22.215	-0.0011542	59.308	64.714	-15	0
22.228	-0.0011632	59.565	64.714	-15	0
22.228	-0.0011632	59.565	64.714	-15	0
22.24	-0.0011722	59.822	64.714	-15	0
22.24	-0.0011722	59.822	64.714	-15	0
22.252	-0.0011812	60.079	64.714	-15	0
22.252	-0.0011812	60.079	64.714	-15	0
22.264	-0.0011903	60.337	64.714	-15	0
22.264	-0.0011903	60.337	64.714	-15	0
22.277	-0.0011994	60.594	64.714	-15	0
22.277	-0.0011994	60.594	64.714	-15	0
22.289	-0.0012085	60.851	64.714	-15	0
22.289	-0.0012085	60.851	64.714	-15	0
22.301	-0.0012177	61.108	64.714	-15	0
22.301	-0.0012177	61.108	64.714	-15	0
22.313	-0.0012269	61.365	64.714	-15	0
22.313	-0.0012269	61.365	64.714	-15	0
22.326	-0.0012362	61.622	64.714	-15	0
22.326	-0.0012362	61.622	64.714	-15	0
22.338	-0.0012455	61.88	64.714	-15	0
22.338	-0.0012455	61.88	64.714	-15	0
22.35	-0.0012548	62.137	64.714	-15	0
22.35	-0.0012548	62.137	64.714	-15	0
22.362	-0.0012642	62.394	64.714	-15	0
22.362	-0.0012642	62.394	64.714	-15	0
22.375	-0.0012736	62.651	64.714	-15	0
22.375	-0.0012736	62.651	64.714	-15	0
22.387	-0.0012831	62.908	64.714	-15	0
22.387	-0.0012831	62.908	64.714	-15	0
22.399	-0.0012925	63.165	64.714	-15	0
22.399	-0.0012925	63.165	64.714	-15	0
22.411	-0.0013021	63.423	64.714	-15	0
22.411	-0.0013021	63.423	64.714	-15	0
22.424	-0.0013116	63.68	64.714	-15	0
22.424	-0.0013116	63.68	64.714	-15	0
22.436	-0.0013212	63.937	64.714	-15	0
22.436	-0.0013212	63.937	64.714	-15	0
22.448	-0.0013309	64.194	64.714	-15	0
22.448	-0.0013309	64.194	64.714	-15	0
22.46	-0.0013406	64.451	64.714	-15	0
22.46	-0.0013406	64.451	64.714	-15	0
22.473	-0.0013503	64.708	64.714	-15	0
22.473	-0.0013503	64.708	64.714	-15	0
22.485	-0.00136	64.966	64.714	-15	0
22.485	-0.00136	64.966	64.714	-15	0
22.497	-0.0013698	65.223	64.714	-15	0
22.497	-0.0013698	65.223	64.714	-15	0
22.509	-0.0013797	65.48	64.714	-15	0
22.509	-0.0013797	65.48	64.714	-15	0
22.522	-0.0013895	65.737	64.714	-15	0
22.522	-0.0013895	65.737	64.714	-15	0
22.534	-0.0013994	65.994	64.714	-15	0
22.534	-0.0013994	65.994	64.714	-15	0
22.546	-0.0014094	66.251	64.714	-15	0
22.546	-0.0014094	66.251	64.714	-15	0
22.558	-0.0014194	66.509	64.714	-15	0
22.558	-0.0014194	66.509	64.714	-15	0
22.571	-0.0014294	66.766	64.714	-15	0
22.571	-0.0014294	66.766	64.714	-15	0
22.583	-0.0014394	67.023	64.694	-15	0
22.583	-0.0014394	67.023	64.694	-15	0
22.597	-0.0014495	67.279	63.694	-15	0
22.597	-0.0014495	67.279	63.694	-15	0
22.614	-0.0014596	67.534	62.694	-15	0
22.614	-0.0014596	67.534	62.694	-15	0
22.634	-0.0014698	67.787	61.694	-15	0
22.634	-0.0014698	67.787	61.694	-15	0
22.657	-0.0014799	68.039	60.694	-15	0
22.657	-0.0014799	68.039	60.694	-15	0
22.683	-0.00149	68.289	59.694	-15	0
22.683	-0.00149	68.289	59.694	-15	0
22.713	-0.0015002	68.537	58.694	-15	0
22.713	-0.0015002	68.537	58.694	-15	0
22.745	-0.0015103	68.783	57.694	-15	0
22.745	-0.0015103	68.783	57.694	-15	0
22.78	-0.0015205	69.027	56.694	-15	0
22.78	-0.0015205	69.027	56.694	-15	0
22.818	-0.0015306	69.27	55.694	-15	0
22.818	-0.0015306	69.27	55.694	-15	0
22.859	-0.0015408	69.51	54.694	-15	0
22.859	-0.0015408	69.51	54.694	-15	0
22.903	-0.0015509	69.748	53.694	-15	0
22.903	-0.0015509	69.748	53.694	-15	0
22.95	-0.001561	69.984	52.694	-15	0
22.95	-0.001561	69.984	52.694	-15	0
22.999	-0.0015711	70.219	51.694	-15	0
22.999	-0.0015711	70.219	51.694	-15	0
23.051	-0.0015812	70.45	50.694	-15	0
23.051	-0.0015812	70.45	50.694	-15	0
23.106	-0.0015912	70.68	49.694	-15	0
23.106	-0.0015912	70.68	49.694	-15	0
23.164	-0.0016013	70.907	48.694	-15	0
23.164	-0.0016013	70.907	48.694	-15	0
23.224	-0.0016113	71.133	47.694	-15	0
23.224	-0.0016113	71.133	47.694	-15	0
23.286	-0.0016212	71.355	46.694	-15	0
23.286	-0.0016212	71.355	46.694	-15	0
23.352	-0.0016312	71.575	45.694	-15	0
23.352	-0.0016312	71.575	45.694	-15	0
23.419	-0.0016411	71.793	44.694	-15	0
23.419	-0.0016411	71.793	44.694	-15	0
23.49	-0.0016509	72.008	43.694	-15	0
23.49	-0.0016509	72.008	43.694	-15	0
23.562	-0.0016607	72.221	42.694	-15	0
23.562	-0.0016607	72.221	42.694	-15	0
23.637	-0.0016705	72.431	41.694	-15	0
23.637	-0.0016705	72.431	41.694	-15	0
23.715	-0.0016802	72.639	40.694	-15	0
23.715	-0.0016802	72.639	40.694	-15	0
23.794	-0.0016899	72.844	39.694	-15	0
23.794	-0.0016899	72.844	39.694	-15	0
23.876	-0.0016995	73.046	38.694	-15	0
23.876	-0.0016995	73.046	38.694	-15	0
23.96	-0.001709	73.245	37.694	-15	0
23.96	-0.001709	73.245	37.694	-15	0
24.046	-0.0017185	73.441	36.694	-15	0
24.046	-0.0017185	73.441	36.694	-15	0
24.134	-0.0017279	73.635	35.694	-15	0
24.134	-0.0017279	73.635	35.694	-15	0
24.225	-0.0017373	73.826	34.714	-15	0
24.225	-0.0017373	73.826	34.714	-15	0
24.316	-0.0017466	74.015	34.714	-15	0
24.316	-0.0017466	74.015	34.714	-15	0
24.407	-0.001756	74.205	34.714	-15	0
24.407	-0.001756	74.205	34.714	-15	0
24.498	-0.0017654	74.394	34.714	-15	0
24.498	-0.0017654	74.394	34.714	-15	0
24.589	-0.0017748	74.583	34.714	-15	0
24.589	-0.0017748	74.583	34.714	-15	0
24.681	-0.0017842	74.773	34.714	-15	0
24.681	-0.0017842	74.773	34.714	-15	0
24.772	-0.0017937	74.962	34.714	-15	0
24.772	-0.0017937	74.962	34.714	-15	0
24.863	-0.0018031	75.152	34.714	-15	0
24.863	-0.0018031	75.152	34.714	-15	0
24.954	-0.0018127	75.341	34.714	-15	0
24.954	-0.0018127	75.341	34.714	-15	0
25.046	-0.0018222	75.53	34.714	-15	0
25.046	-0.0018222	75.53	34.714	-15	0
25.137	-0.0018317	75.72	34.714	-15	0
25.137	-0.0018317	75.72	34.714	-15	0
25.228	-0.0018413	75.909	34.714	-15	0
25.228	-0.0018413	75.909	34.714	-15	0
25.319	-0.0018509	76.098	34.714	-15	0
25.319	-0.0018509	76.098	34.714	-15	0
25.41	-0.0018606	76.288	34.714	-15	0
25.41	-0.0018606	76.288	34.714	-15	0
25.502	-0.0018702	76.477	34.714	-15	0
25.502	-0.0018702	76.477	34.714	-15	0
25.593	-0.0018799	76.667	34.714	-15	0
25.593	-0.0018799	76.667	34.714	-15	0
25.684	-0.0018896	76.856	34.714	-15	0
25.684	-0.0018896	76.856	34.714	-15	0
25.775	-0.0018994	77.045	34.714	-15	0
25.775	-0.0018994	77.045	34.714	-15	0
25.866	-0.0019091	77.235	34.714	-15	0
25.866	-0.0019091	77.235	34.714	-15	0
25.958	-0.0019189	77.424	34.714	-15	0
