0	1	0	10	0	0
0	1	0	10	0	0
0	1	0	10	0	0
0.00028749	1.0001	0.3	9.9922	0.0027285	0.016763
0.00028749	1.0001	0.3	9.9922	0.0027285	0.016763
-3.1643e-05	1.0005	0.59958	10.02	0.02518	0.028406
-3.1643e-05	1.0005	0.59958	10.02	0.02518	0.028406
-0.0017616	1.0004	0.89949	10.096	0.013675	0.020266
-0.0017616	1.0004	0.89949	10.096	0.013675	0.020266
-0.0032113	1.0006	1.199	10.143	0.028138	0.024483
-0.0032113	1.0006	1.199	10.143	0.028138	0.024483
-0.0042088	1.0005	1.4992	10.123	0.016347	0.015838
-0.0042088	1.0005	1.4992	10.123	0.016347	0.015838
-0.0034312	1.001	1.7993	10.054	0.037461	0.041675
-0.0034312	1.001	1.7993	10.054	0.037461	0.041675
-0.0045281	1.0007	2.0997	10.122	0.006345	0.063786
-0.0045281	1.0007	2.0997	10.122	0.006345	0.063786
-0.005998	1.0005	2.3997	10.146	0.0038217	0.047385
-0.005998	1.0005	2.3997	10.146	0.0038217	0.047385
-0.0068487	1.0003	2.6999	10.137	-0.0037649	0.040261
-0.0068487	1.0003	2.6999	10.137	-0.0037649	0.040261
-0.0075122	1.0006	2.9997	10.131	0.016788	0.02773
-0.0075122	1.0006	2.9997	10.131	0.016788	0.02773
-0.0080293	1.0006	3.2998	10.138	0.013527	0.027514
-0.0080293	1.0006	3.2998	10.138	0.013527	0.027514
-0.0078321	1.0014	3.599	10.132	0.060894	0.050226
-0.0078321	1.0014	3.599	10.132	0.060894	0.050226
-0.0083529	1.0024	3.8981	10.159	0.096194	0.069281
-0.0083529	1.0024	3.8981	10.159	0.096194	0.069281
-0.0095268	1.003	4.1979	10.176	0.10838	0.063317
-0.0095268	1.003	4.1979	10.176	0.10838	0.063317
-0.01078	1.0035	4.4983	10.148	0.10706	0.026743
-0.01078	1.0035	4.4983	10.148	0.10706	0.026743
-0.010983	1.0042	4.7988	10.104	0.12252	0.019449
-0.010983	1.0042	4.7988	10.104	0.12252	0.019449
-0.012597	1.0046	5.0991	10.136	0.11182	0.0066165
-0.012597	1.0046	5.0991	10.136	0.11182	0.0066165
-0.014119	1.0053	5.3991	10.162	0.11882	5.3551e-05
-0.014119	1.0053	5.3991	10.162	0.11882	5.3551e-05
-0.015776	1.0053	5.7001	10.169	0.083634	-0.008515
-0.015776	1.0053	5.7001	10.169	0.083634	-0.008515
-0.016159	1.0061	6.0003	10.151	0.097028	0.010452
-0.016159	1.0061	6.0003	10.151	0.097028	0.010452
-0.016919	1.0063	6.3014	10.136	0.082566	0.016789
-0.016919	1.0063	6.3014	10.136	0.082566	0.016789
-0.018027	1.0063	6.6025	10.138	0.056616	0.015368
-0.018027	1.0063	6.6025	10.138	0.056616	0.015368
-0.019447	1.0069	6.9023	10.217	0.064689	0.042662
-0.019447	1.0069	6.9023	10.217	0.064689	0.042662
-0.020544	1.0071	7.2027	10.211	0.057741	0.049138
-0.020544	1.0071	7.2027	10.211	0.057741	0.049138
-0.021803	1.0073	7.5031	10.191	0.063115	0.025655
-0.021803	1.0073	7.5031	10.191	0.063115	0.025655
-0.022268	1.0074	7.8042	10.184	0.043163	0.05298
-0.022268	1.0074	7.8042	10.184	0.043163	0.05298
-0.024531	1.0075	8.1042	10.199	0.04561	0.015883
-0.024531	1.0075	8.1042	10.199	0.04561	0.015883
-0.026715	1.0076	8.4043	10.26	0.038176	0.024494
-0.026715	1.0076	8.4043	10.26	0.038176	0.024494
-0.028368	1.0074	8.7052	10.279	0.012974	0.042871
-0.028368	1.0074	8.7052	10.279	0.012974	0.042871
-0.030064	1.0075	9.0061	10.29	0.012823	0.063817
-0.030064	1.0075	9.0061	10.29	0.012823	0.063817
-0.032174	1.0076	9.3067	10.269	0.021181	0.045399
-0.032174	1.0076	9.3067	10.269	0.021181	0.045399
-0.034855	1.0075	9.6074	10.249	0.023676	0.0038022
-0.034855	1.0075	9.6074	10.249	0.023676	0.0038022
-0.037525	1.0076	9.908	10.28	0.024851	-0.0040468
-0.037525	1.0076	9.908	10.28	0.024851	-0.0040468
-0.040412	1.0078	10.209	10.295	0.033206	-0.025166
-0.040412	1.0078	10.209	10.295	0.033206	-0.025166
-0.042834	1.0078	10.51	10.311	0.01987	-0.024903
-0.042834	1.0078	10.51	10.311	0.01987	-0.024903
-0.043965	1.0077	10.812	10.26	0.0042315	-0.0068767
-0.043965	1.0077	10.812	10.26	0.0042315	-0.0068767
-0.04681	1.0072	11.114	10.286	-0.016147	-0.02823
-0.04681	1.0072	11.114	10.286	-0.016147	-0.02823
-0.048165	1.0075	11.415	10.278	-0.0060896	0.0033541
-0.048165	1.0075	11.415	10.278	-0.0060896	0.0033541
-0.050469	1.0068	11.717	10.28	-0.043702	-0.0061324
-0.050469	1.0068	11.717	10.28	-0.043702	-0.0061324
-0.0521	1.0065	12.018	10.252	-0.040064	-0.017656
-0.0521	1.0065	12.018	10.252	-0.040064	-0.017656
-0.053197	1.0063	12.32	10.227	-0.053766	0.0049182
-0.053197	1.0063	12.32	10.227	-0.053766	0.0049182
-0.055421	1.006	12.621	10.246	-0.043383	-0.015604
-0.055421	1.006	12.621	10.246	-0.043383	-0.015604
-0.057048	1.0057	12.923	10.261	-0.056944	-0.00459
-0.057048	1.0057	12.923	10.261	-0.056944	-0.00459
-0.058855	1.0056	13.224	10.274	-0.041971	-0.0087435
-0.058855	1.0056	13.224	10.274	-0.041971	-0.0087435
-0.061849	1.0054	13.524	10.334	-0.034813	-0.029341
-0.061849	1.0054	13.524	10.334	-0.034813	-0.029341
-0.063723	1.005	13.826	10.33	-0.045724	-0.036365
-0.063723	1.005	13.826	10.33	-0.045724	-0.036365
-0.065537	1.0055	14.126	10.346	-0.011398	-0.026355
-0.065537	1.0055	14.126	10.346	-0.011398	-0.026355
-0.068332	1.0047	14.428	10.361	-0.051985	-0.04991
-0.068332	1.0047	14.428	10.361	-0.051985	-0.04991
-0.070089	1.005	14.729	10.345	-0.024776	-0.045925
-0.070089	1.005	14.729	10.345	-0.024776	-0.045925
-0.072962	1.0046	15.031	10.345	-0.0387	-0.082818
-0.072962	1.0046	15.031	10.345	-0.0387	-0.082818
-0.074825	1.0044	15.332	10.402	-0.054326	-0.038363
-0.074825	1.0044	15.332	10.402	-0.054326	-0.038363
-0.076636	1.004	15.633	10.367	-0.063414	-0.046354
-0.076636	1.004	15.633	10.367	-0.063414	-0.046354
-0.078629	1.004	15.933	10.372	-0.046667	-0.043585
-0.078629	1.004	15.933	10.372	-0.046667	-0.043585
-0.080654	1.0042	16.233	10.377	-0.020352	-0.050037
-0.080654	1.0042	16.233	10.377	-0.020352	-0.050037
-0.084124	1.0035	16.534	10.436	-0.052195	-0.08394
-0.084124	1.0035	16.534	10.436	-0.052195	-0.08394
-0.086482	1.0032	16.835	10.457	-0.056496	-0.093636
-0.086482	1.0032	16.835	10.457	-0.056496	-0.093636
-0.088974	1.0032	17.136	10.483	-0.050066	-0.097651
-0.088974	1.0032	17.136	10.483	-0.050066	-0.097651
-0.091302	1.0028	17.437	10.472	-0.059814	-0.099094
-0.091302	1.0028	17.437	10.472	-0.059814	-0.099094
-0.094243	1.0029	17.737	10.529	-0.044858	-0.084109
-0.094243	1.0029	17.737	10.529	-0.044858	-0.084109
-0.096477	1.0023	18.038	10.515	-0.069583	-0.074734
-0.096477	1.0023	18.038	10.515	-0.069583	-0.074734
-0.098908	1.0022	18.339	10.506	-0.052014	-0.08517
-0.098908	1.0022	18.339	10.506	-0.052014	-0.08517
-0.1006	1.0023	18.639	10.511	-0.043764	-0.048044
-0.1006	1.0023	18.639	10.511	-0.043764	-0.048044
-0.10258	1.0025	18.938	10.501	-0.020244	-0.059467
-0.10258	1.0025	18.938	10.501	-0.020244	-0.059467
-0.10453	1.0022	19.239	10.498	-0.030673	-0.055893
-0.10453	1.0022	19.239	10.498	-0.030673	-0.055893
-0.10721	1.0021	19.539	10.543	-0.034778	-0.041202
-0.10721	1.0021	19.539	10.543	-0.034778	-0.041202
-0.11009	1.0023	19.838	10.571	-0.01027	-0.047991
-0.11009	1.0023	19.838	10.571	-0.01027	-0.047991
-0.048909	1.0028	20.16	6.536	0.019068	-0.058757
-0.048909	1.0028	20.16	6.536	0.019068	-0.058757
0.035358	1.003	20.477	2.4885	0.024029	-0.042966
0.035358	1.003	20.477	2.4885	0.024029	-0.042966
0.14058	1.0033	20.788	-1.4871	0.027385	-0.035019
0.14058	1.0033	20.788	-1.4871	0.027385	-0.035019
0.26676	1.0032	21.091	-5.4603	0.0095786	-0.042319
0.26676	1.0032	21.091	-5.4603	0.0095786	-0.042319
0.4147	1.0031	21.385	-9.4533	-0.0045608	-0.034415
0.4147	1.0031	21.385	-9.4533	-0.0045608	-0.034415
0.583	1.0028	21.667	-13.461	-0.020101	-0.032278
0.583	1.0028	21.667	-13.461	-0.020101	-0.032278
0.76959	1.0031	21.937	-17.432	0.0048549	-0.033009
0.76959	1.0031	21.937	-17.432	0.0048549	-0.033009
0.97459	1.0036	22.193	-21.398	0.025701	-0.025766
0.97459	1.0036	22.193	-21.398	0.025701	-0.025766
1.1976	1.0033	22.435	-25.409	0.0035049	-0.040469
1.1976	1.0033	22.435	-25.409	0.0035049	-0.040469
1.4361	1.0043	22.66	-29.418	0.05721	-0.048693
1.4361	1.0043	22.66	-29.418	0.05721	-0.048693
1.6911	1.0046	22.868	-33.437	0.054009	-0.02414
1.6911	1.0046	22.868	-33.437	0.054009	-0.02414
1.9587	1.0057	23.057	-37.425	0.09473	-0.012548
1.9587	1.0057	23.057	-37.425	0.09473	-0.012548
2.2386	1.006	23.229	-41.385	0.085596	-0.014361
2.2386	1.006	23.229	-41.385	0.085596	-0.014361
2.5313	1.0062	23.38	-45.375	0.056075	0.028554
2.5313	1.0062	23.38	-45.375	0.056075	0.028554
2.8335	1.0064	23.51	-49.403	0.051693	0.053438
2.8335	1.0064	23.51	-49.403	0.051693	0.053438
3.1443	1.0064	23.619	-53.441	0.034509	0.048729
3.1443	1.0064	23.619	-53.441	0.034509	0.048729
3.4611	1.0063	23.706	-57.417	0.024407	0.035499
3.4611	1.0063	23.706	-57.417	0.024407	0.035499
3.7829	1.0065	23.771	-61.386	0.031858	0.02998
3.7829	1.0065	23.771	-61.386	0.031858	0.02998
4.1088	1.0067	23.812	-65.377	0.030925	0.055089
4.1088	1.0067	23.812	-65.377	0.030925	0.055089
4.4365	1.0072	23.831	-69.408	0.050155	0.060367
4.4365	1.0072	23.831	-69.408	0.050155	0.060367
4.7656	1.0068	23.827	-73.375	0.0069337	0.084278
4.7656	1.0068	23.827	-73.375	0.0069337	0.084278
5.0924	1.007	23.801	-77.376	0.021761	0.070226
5.0924	1.007	23.801	-77.376	0.021761	0.070226
5.4053	1.0072	23.78	-79.382	0.029623	0.07062
5.4053	1.0072	23.78	-79.382	0.029623	0.07062
5.7064	1.007	23.782	-79.366	0.012077	0.081497
5.7064	1.007	23.782	-79.366	0.012077	0.081497
6.0075	1.007	23.784	-79.385	0.0070444	0.096548
6.0075	1.007	23.784	-79.385	0.0070444	0.096548
6.308	1.0069	23.789	-79.319	0.011167	0.050797
6.308	1.0069	23.789	-79.319	0.011167	0.050797
6.6086	1.0073	23.791	-79.28	0.030986	0.074938
6.6086	1.0073	23.791	-79.28	0.030986	0.074938
6.9098	1.0074	23.794	-79.256	0.025708	0.097137
6.9098	1.0074	23.794	-79.256	0.025708	0.097137
7.211	1.0074	23.797	-79.296	0.025158	0.092941
7.211	1.0074	23.797	-79.296	0.025158	0.092941
7.5123	1.0074	23.799	-79.336	0.0197	0.10429
7.5123	1.0074	23.799	-79.336	0.0197	0.10429
7.8127	1.0077	23.801	-79.356	0.038488	0.10524
7.8127	1.0077	23.801	-79.356	0.038488	0.10524
8.114	1.0075	23.803	-79.391	0.015174	0.11973
8.114	1.0075	23.803	-79.391	0.015174	0.11973
8.4148	1.0073	23.805	-79.386	0.0066456	0.13357
8.4148	1.0073	23.805	-79.386	0.0066456	0.13357
8.7164	1.0067	23.807	-79.422	-0.019809	0.13108
8.7164	1.0067	23.807	-79.422	-0.019809	0.13108
9.0175	1.0063	23.81	-79.393	-0.030752	0.12853
9.0175	1.0063	23.81	-79.393	-0.030752	0.12853
9.3182	1.0064	23.812	-79.419	-0.0079103	0.11524
9.3182	1.0064	23.812	-79.419	-0.0079103	0.11524
9.6184	1.0067	23.814	-79.43	0.024814	0.10151
9.6184	1.0067	23.814	-79.43	0.024814	0.10151
9.9192	1.007	23.815	-79.464	0.034406	0.10395
9.9192	1.007	23.815	-79.464	0.034406	0.10395
10.22	1.007	23.817	-79.45	0.031102	0.11082
10.22	1.007	23.817	-79.45	0.031102	0.11082
10.521	1.0071	23.819	-79.408	0.03604	0.11764
10.521	1.0071	23.819	-79.408	0.03604	0.11764
10.821	1.0075	23.821	-79.368	0.062489	0.07849
10.821	1.0075	23.821	-79.368	0.062489	0.07849
11.122	1.0076	23.822	-79.391	0.044155	0.1006
11.122	1.0076	23.822	-79.391	0.044155	0.1006
11.423	1.0079	23.824	-79.373	0.052992	0.099819
11.423	1.0079	23.824	-79.373	0.052992	0.099819
11.725	1.0072	23.826	-79.374	0.0060566	0.087727
11.725	1.0072	23.826	-79.374	0.0060566	0.087727
12.026	1.0071	23.827	-79.373	-0.0013514	0.10024
12.026	1.0071	23.827	-79.373	-0.0013514	0.10024
12.327	1.0071	23.829	-79.367	0.0078036	0.085989
12.327	1.0071	23.829	-79.367	0.0078036	0.085989
12.629	1.0064	23.83	-79.347	-0.031758	0.074585
12.629	1.0064	23.83	-79.347	-0.031758	0.074585
12.929	1.0066	23.832	-79.322	-0.0011153	0.054279
12.929	1.0066	23.832	-79.322	-0.0011153	0.054279
13.23	1.0063	23.832	-79.315	-0.019136	0.066867
13.23	1.0063	23.832	-79.315	-0.019136	0.066867
13.531	1.0062	23.833	-79.327	-0.025314	0.093902
13.531	1.0062	23.833	-79.327	-0.025314	0.093902
13.833	1.0055	23.834	-79.36	-0.046054	0.068749
13.833	1.0055	23.834	-79.36	-0.046054	0.068749
14.134	1.0048	23.835	-79.345	-0.063358	0.061044
14.134	1.0048	23.835	-79.345	-0.063358	0.061044
14.437	1.0037	23.835	-79.359	-0.10823	0.078781
14.437	1.0037	23.835	-79.359	-0.10823	0.078781
14.738	1.0033	23.834	-79.424	-0.094276	0.094004
14.738	1.0033	23.834	-79.424	-0.094276	0.094004
15.039	1.003	23.834	-79.456	-0.079913	0.10066
15.039	1.003	23.834	-79.456	-0.079913	0.10066
15.34	1.0024	23.834	-79.5	-0.084298	0.092958
15.34	1.0024	23.834	-79.5	-0.084298	0.092958
15.64	1.0024	23.834	-79.509	-0.05075	0.091968
15.64	1.0024	23.834	-79.509	-0.05075	0.091968
15.941	1.0024	23.833	-79.526	-0.02793	0.098319
15.941	1.0024	23.833	-79.526	-0.02793	0.098319
16.242	1.0024	23.833	-79.487	-0.015569	0.093986
16.242	1.0024	23.833	-79.487	-0.015569	0.093986
16.543	1.0023	23.833	-79.467	-0.009577	0.10214
16.543	1.0023	23.833	-79.467	-0.009577	0.10214
16.843	1.0023	23.833	-79.418	-0.0074764	0.12383
16.843	1.0023	23.833	-79.418	-0.0074764	0.12383
17.145	1.0023	23.832	-79.432	-0.0015694	0.13615
17.145	1.0023	23.832	-79.432	-0.0015694	0.13615
17.445	1.0028	23.832	-79.422	0.034289	0.1652
17.445	1.0028	23.832	-79.422	0.034289	0.1652
17.746	1.0032	23.83	-79.473	0.057819	0.17365
17.746	1.0032	23.83	-79.473	0.057819	0.17365
18.047	1.0033	23.83	-79.461	0.049378	0.18534
18.047	1.0033	23.83	-79.461	0.049378	0.18534
18.349	1.003	23.831	-79.381	0.024083	0.20747
18.349	1.003	23.831	-79.381	0.024083	0.20747
18.651	1.0026	23.832	-79.38	0.0070979	0.19505
18.651	1.0026	23.832	-79.38	0.0070979	0.19505
18.953	1.0022	23.834	-79.362	0.00086494	0.14851
18.953	1.0022	23.834	-79.362	0.00086494	0.14851
19.254	1.0018	23.836	-79.314	-0.010505	0.11552
19.254	1.0018	23.836	-79.314	-0.010505	0.11552
19.556	1.0014	23.838	-79.293	-0.016043	0.086642
19.556	1.0014	23.838	-79.293	-0.016043	0.086642
19.859	1.0012	23.839	-79.312	-0.017285	0.069854
19.859	1.0012	23.839	-79.312	-0.017285	0.069854
20.16	1.0014	23.839	-79.268	-0.00045181	0.11253
20.16	1.0014	23.839	-79.268	-0.00045181	0.11253
20.462	1.0015	23.841	-79.203	0.010038	0.12095
20.462	1.0015	23.841	-79.203	0.010038	0.12095
20.763	1.0019	23.844	-79.133	0.039447	0.11641
20.763	1.0019	23.844	-79.133	0.039447	0.11641
21.064	1.0025	23.845	-79.168	0.071601	0.10059
21.064	1.0025	23.845	-79.168	0.071601	0.10059
21.366	1.003	23.848	-79.142	0.090361	0.073843
21.366	1.003	23.848	-79.142	0.090361	0.073843
21.668	1.0034	23.849	-79.188	0.084961	0.082065
21.668	1.0034	23.849	-79.188	0.084961	0.082065
21.97	1.0039	23.85	-79.203	0.094712	0.10248
21.97	1.0039	23.85	-79.203	0.094712	0.10248
22.272	1.0043	23.851	-79.232	0.08437	0.13191
22.272	1.0043	23.851	-79.232	0.08437	0.13191
22.575	1.004	23.852	-79.25	0.051606	0.12202
22.575	1.004	23.852	-79.25	0.051606	0.12202
22.877	1.0042	23.853	-79.274	0.047866	0.15355
22.877	1.0042	23.853	-79.274	0.047866	0.15355
23.179	1.004	23.855	-79.329	0.031747	0.14989
23.179	1.004	23.855	-79.329	0.031747	0.14989
23.48	1.0042	23.856	-79.309	0.041947	0.1477
23.48	1.0042	23.856	-79.309	0.041947	0.1477
23.781	1.0043	23.857	-79.327	0.04379	0.16436
23.781	1.0043	23.857	-79.327	0.04379	0.16436
24.083	1.004	23.859	-79.289	0.028987	0.15575
24.083	1.004	23.859	-79.289	0.028987	0.15575
24.385	1.0037	23.86	-79.326	0.0065015	0.16591
24.385	1.0037	23.86	-79.326	0.0065015	0.16591
24.686	1.0033	23.861	-79.311	-0.0093363	0.19302
24.686	1.0033	23.861	-79.311	-0.0093363	0.19302
24.987	1.0035	23.862	-79.302	0.0071988	0.22176
24.987	1.0035	23.862	-79.302	0.0071988	0.22176
25.288	1.0039	23.863	-79.319	0.046152	0.22927
25.288	1.0039	23.863	-79.319	0.046152	0.22927
25.591	1.0038	23.864	-79.335	0.032617	0.25814
25.591	1.0038	23.864	-79.335	0.032617	0.25814
25.893	1.0036	23.865	-79.36	0.024521	0.25746
25.893	1.0036	23.865	-79.36	0.024521	0.25746
26.195	1.003	23.866	-79.392	-0.0015856	0.24549
26.195	1.003	23.866	-79.392	-0.0015856	0.24549
26.497	1.0024	23.868	-79.344	-0.025944	0.25625
26.497	1.0024	23.868	-79.344	-0.025944	0.25625
26.799	1.0022	23.871	-79.311	-0.012875	0.24857
26.799	1.0022	23.871	-79.311	-0.012875	0.24857
27.101	1.0019	23.872	-79.296	-0.012655	0.28615
27.101	1.0019	23.872	-79.296	-0.012655	0.28615
27.403	1.0017	23.873	-79.28	-0.01583	0.31994
27.403	1.0017	23.873	-79.28	-0.01583	0.31994
27.704	1.0015	23.875	-79.253	-0.0017444	0.32753
27.704	1.0015	23.875	-79.253	-0.0017444	0.32753
28.006	1.0012	23.877	-79.252	-0.00087648	0.36739
28.006	1.0012	23.877	-79.252	-0.00087648	0.36739
28.308	1.0011	23.878	-79.262	0.0098136	0.40173
28.308	1.0011	23.878	-79.262	0.0098136	0.40173
28.61	1.0014	23.879	-79.265	0.043824	0.40795
28.61	1.0014	23.879	-79.265	0.043824	0.40795
28.913	1.0006	23.881	-79.255	0.01255	0.40494
28.913	1.0006	23.881	-79.255	0.01255	0.40494
29.215	1.0002	23.884	-79.232	0.0010664	0.41391
29.215	1.0002	23.884	-79.232	0.0010664	0.41391
29.518	0.99951	23.886	-79.208	-0.022118	0.43235
29.518	0.99951	23.886	-79.208	-0.022118	0.43235
29.821	0.9984	23.887	-79.267	-0.061735	0.45849
29.821	0.9984	23.887	-79.267	-0.061735	0.45849
30.124	0.99721	23.89	-79.268	-0.085803	0.45889
30.124	0.99721	23.89	-79.268	-0.085803	0.45889
30.427	0.99662	23.892	-79.296	-0.061651	0.42273
30.427	0.99662	23.892	-79.296	-0.061651	0.42273
30.729	0.99629	23.893	-79.326	-0.043173	0.44901
30.729	0.99629	23.893	-79.326	-0.043173	0.44901
31.032	0.99543	23.894	-79.341	-0.058095	0.47923
31.032	0.99543	23.894	-79.341	-0.058095	0.47923
31.335	0.99454	23.895	-79.355	-0.067082	0.50977
31.335	0.99454	23.895	-79.355	-0.067082	0.50977
31.639	0.99321	23.896	-79.395	-0.093868	0.49862
31.639	0.99321	23.896	-79.395	-0.093868	0.49862
31.941	0.99191	23.898	-79.393	-0.10564	0.45201
31.941	0.99191	23.898	-79.393	-0.10564	0.45201
32.244	0.99086	23.899	-79.42	-0.10628	0.44791
32.244	0.99086	23.899	-79.42	-0.10628	0.44791
32.545	0.99028	23.902	-79.357	-0.077951	0.44404
32.545	0.99028	23.902	-79.357	-0.077951	0.44404
32.849	0.98901	23.902	-79.383	-0.10392	0.46545
32.849	0.98901	23.902	-79.383	-0.10392	0.46545
33.15	0.9887	23.903	-79.389	-0.065928	0.47393
33.15	0.9887	23.903	-79.389	-0.065928	0.47393
33.452	0.98789	23.904	-79.385	-0.070824	0.49213
33.452	0.98789	23.904	-79.385	-0.070824	0.49213
33.755	0.98667	23.905	-79.432	-0.092134	0.488
33.755	0.98667	23.905	-79.432	-0.092134	0.488
34.057	0.98602	23.907	-79.44	-0.068878	0.46291
34.057	0.98602	23.907	-79.44	-0.068878	0.46291
34.358	0.98574	23.909	-79.388	-0.036491	0.45734
34.358	0.98574	23.909	-79.388	-0.036491	0.45734
34.66	0.98542	23.91	-79.39	-0.019438	0.45231
34.66	0.98542	23.91	-79.39	-0.019438	0.45231
34.962	0.98432	23.912	-79.397	-0.045474	0.41822
34.962	0.98432	23.912	-79.397	-0.045474	0.41822
35.276	0.98341	23.886	-81.331	-0.059451	0.39453
35.276	0.98341	23.886	-81.331	-0.059451	0.39453
35.598	0.98203	23.812	-85.332	-0.10209	0.41531
35.598	0.98203	23.812	-85.332	-0.10209	0.41531
35.914	0.98043	23.716	-89.323	-0.13928	0.4188
35.914	0.98043	23.716	-89.323	-0.13928	0.4188
36.222	0.97874	23.598	-93.319	-0.17365	0.42104
36.222	0.97874	23.598	-93.319	-0.17365	0.42104
36.521	0.97714	23.459	-97.317	-0.19122	0.41921
36.521	0.97714	23.459	-97.317	-0.19122	0.41921
36.81	0.97545	23.299	-101.37	-0.20351	0.39832
36.81	0.97545	23.299	-101.37	-0.20351	0.39832
37.088	0.97328	23.119	-105.36	-0.24882	0.40865
37.088	0.97328	23.119	-105.36	-0.24882	0.40865
37.352	0.9715	22.921	-109.34	-0.25362	0.40353
37.352	0.9715	22.921	-109.34	-0.25362	0.40353
37.601	0.96931	22.705	-113.33	-0.28085	0.39429
37.601	0.96931	22.705	-113.33	-0.28085	0.39429
37.835	0.96695	22.471	-117.34	-0.30995	0.39731
37.835	0.96695	22.471	-117.34	-0.30995	0.39731
38.052	0.96493	22.224	-121.32	-0.30593	0.36328
38.052	0.96493	22.224	-121.32	-0.30593	0.36328
38.252	0.96204	21.96	-125.35	-0.35804	0.34676
38.252	0.96204	21.96	-125.35	-0.35804	0.34676
38.433	0.95925	21.684	-129.31	-0.38456	0.29435
38.433	0.95925	21.684	-129.31	-0.38456	0.29435
38.595	0.95641	21.397	-133.27	-0.41511	0.2731
38.595	0.95641	21.397	-133.27	-0.41511	0.2731
38.735	0.95422	21.098	-137.28	-0.39843	0.26374
38.735	0.95422	21.098	-137.28	-0.39843	0.26374
38.854	0.95166	20.791	-141.25	-0.41385	0.27307
38.854	0.95166	20.791	-141.25	-0.41385	0.27307
38.952	0.9495	20.476	-145.23	-0.39652	0.24861
38.952	0.9495	20.476	-145.23	-0.39652	0.24861
39.028	0.94687	20.156	-149.26	-0.40622	0.19824
39.028	0.94687	20.156	-149.26	-0.40622	0.19824
39.081	0.94346	19.829	-153.26	-0.46362	0.15076
39.081	0.94346	19.829	-153.26	-0.46362	0.15076
39.111	0.94073	19.501	-157.31	-0.46754	0.10719
39.111	0.94073	19.501	-157.31	-0.46754	0.10719
39.118	0.93788	19.171	-161.3	-0.48457	0.072859
39.118	0.93788	19.171	-161.3	-0.48457	0.072859
39.101	0.93563	18.841	-165.29	-0.4588	0.055789
39.101	0.93563	18.841	-165.29	-0.4588	0.055789
39.063	0.93298	18.514	-169.25	-0.46266	0.0081995
39.063	0.93298	18.514	-169.25	-0.46266	0.0081995
39.066	0.93056	18.212	-169.26	-0.44904	-0.048205
39.066	0.93056	18.212	-169.26	-0.44904	-0.048205
39.067	0.92832	17.91	-169.25	-0.44865	-0.041923
39.067	0.92832	17.91	-169.25	-0.44865	-0.041923
39.069	0.92617	17.608	-169.21	-0.43774	-0.043056
39.069	0.92617	17.608	-169.21	-0.43774	-0.043056
39.07	0.92429	17.306	-169.19	-0.42221	0.015506
39.07	0.92429	17.306	-169.19	-0.42221	0.015506
39.072	0.92184	17.004	-169.15	-0.43386	0.0016488
39.072	0.92184	17.004	-169.15	-0.43386	0.0016488
39.073	0.91874	16.7	-169.18	-0.48176	-0.0048451
39.073	0.91874	16.7	-169.18	-0.48176	-0.0048451
39.075	0.9161	16.398	-169.13	-0.48987	-0.0054305
39.075	0.9161	16.398	-169.13	-0.48987	-0.0054305
39.077	0.91312	16.095	-169.16	-0.51656	-0.0043646
39.077	0.91312	16.095	-169.16	-0.51656	-0.0043646
39.079	0.91068	15.794	-169.16	-0.5002	-0.014175
39.079	0.91068	15.794	-169.16	-0.5002	-0.014175
39.081	0.90764	15.491	-169.18	-0.52721	-0.0082661
39.081	0.90764	15.491	-169.18	-0.52721	-0.0082661
39.083	0.90453	15.189	-169.17	-0.54705	-0.0197
39.083	0.90453	15.189	-169.17	-0.54705	-0.0197
39.085	0.90243	14.887	-169.16	-0.50504	-0.0090116
39.085	0.90243	14.887	-169.16	-0.50504	-0.0090116
39.087	0.89965	14.585	-169.15	-0.51632	-0.012125
39.087	0.89965	14.585	-169.15	-0.51632	-0.012125
39.089	0.89674	14.283	-169.17	-0.52661	-0.032425
39.089	0.89674	14.283	-169.17	-0.52661	-0.032425
39.092	0.89397	13.982	-169.12	-0.52373	-0.057814
39.092	0.89397	13.982	-169.12	-0.52373	-0.057814
39.094	0.89194	13.681	-169.11	-0.49347	-0.03789
39.094	0.89194	13.681	-169.11	-0.49347	-0.03789
39.094	0.88946	13.378	-169.17	-0.49206	-0.0050422
39.094	0.88946	13.378	-169.17	-0.49206	-0.0050422
39.096	0.8869	13.077	-169.2	-0.48811	-0.042998
39.096	0.8869	13.077	-169.2	-0.48811	-0.042998
39.097	0.88451	12.775	-169.2	-0.48158	-0.023291
39.097	0.88451	12.775	-169.2	-0.48158	-0.023291
39.098	0.88216	12.473	-169.19	-0.47507	-0.0012965
39.098	0.88216	12.473	-169.19	-0.47507	-0.0012965
39.099	0.88032	12.172	-169.2	-0.43858	0.010504
39.099	0.88032	12.172	-169.2	-0.43858	0.010504
39.1	0.87782	11.869	-169.24	-0.45483	0.029752
39.1	0.87782	11.869	-169.24	-0.45483	0.029752
39.101	0.87561	11.566	-169.29	-0.43879	0.022728
39.101	0.87561	11.566	-169.29	-0.43879	0.022728
39.102	0.87307	11.264	-169.29	-0.45162	0.02038
39.102	0.87307	11.264	-169.29	-0.45162	0.02038
39.103	0.87065	10.961	-169.32	-0.45142	0.015599
39.103	0.87065	10.961	-169.32	-0.45142	0.015599
39.104	0.86871	10.659	-169.33	-0.42207	0.01268
39.104	0.86871	10.659	-169.33	-0.42207	0.01268
39.105	0.86657	10.356	-169.34	-0.41286	0.0013005
39.105	0.86657	10.356	-169.34	-0.41286	0.0013005
39.107	0.86405	10.054	-169.32	-0.43427	0.010454
39.107	0.86405	10.054	-169.32	-0.43427	0.010454
39.108	0.8612	9.7506	-169.31	-0.4618	-0.014031
39.108	0.8612	9.7506	-169.31	-0.4618	-0.014031
39.107	0.85906	9.4476	-169.39	-0.45054	0.021238
39.107	0.85906	9.4476	-169.39	-0.45054	0.021238
39.109	0.85633	9.1445	-169.38	-0.46578	0.0060239
39.109	0.85633	9.1445	-169.38	-0.46578	0.0060239
39.11	0.85417	8.8421	-169.33	-0.44922	0.023447
39.11	0.85417	8.8421	-169.33	-0.44922	0.023447
39.113	0.85183	8.539	-169.3	-0.44287	0.0078256
39.113	0.85183	8.539	-169.3	-0.44287	0.0078256
39.051	0.84956	8.2133	-173.28	-0.43557	-0.0070121
39.051	0.84956	8.2133	-173.28	-0.43557	-0.0070121
38.966	0.84707	7.8925	-177.3	-0.43669	-0.043404
38.966	0.84707	7.8925	-177.3	-0.43669	-0.043404
38.858	0.84555	7.5793	178.64	-0.3858	-0.064296
38.858	0.84555	7.5793	178.64	-0.3858	-0.064296
38.728	0.84356	7.2735	174.64	-0.38346	-0.068575
38.728	0.84356	7.2735	174.64	-0.38346	-0.068575
38.578	0.84144	6.9775	170.64	-0.38707	-0.081753
38.578	0.84144	6.9775	170.64	-0.38707	-0.081753
38.406	0.8394	6.6928	166.59	-0.393	-0.089973
38.406	0.8394	6.6928	166.59	-0.393	-0.089973
38.217	0.83753	6.4207	162.62	-0.37833	-0.13064
38.217	0.83753	6.4207	162.62	-0.37833	-0.13064
38.008	0.83528	6.1619	158.63	-0.39106	-0.15944
38.008	0.83528	6.1619	158.63	-0.39106	-0.15944
37.781	0.8334	5.9191	154.58	-0.38934	-0.15228
37.781	0.8334	5.9191	154.58	-0.38934	-0.15228
37.539	0.83192	5.6929	150.58	-0.35484	-0.20138
37.539	0.83192	5.6929	150.58	-0.35484	-0.20138
37.282	0.83083	5.4845	146.59	-0.312	-0.23198
37.282	0.83083	5.4845	146.59	-0.312	-0.23198
37.011	0.82926	5.2934	142.64	-0.31578	-0.24288
37.011	0.82926	5.2934	142.64	-0.31578	-0.24288
36.727	0.8282	5.1222	138.65	-0.29178	-0.24418
36.727	0.8282	5.1222	138.65	-0.29178	-0.24418
36.432	0.82736	4.9711	134.68	-0.2643	-0.23931
36.432	0.82736	4.9711	134.68	-0.2643	-0.23931
36.126	0.82607	4.8402	130.66	-0.26074	-0.28451
36.126	0.82607	4.8402	130.66	-0.26074	-0.28451
35.813	0.82469	4.7302	126.71	-0.26889	-0.31051
35.813	0.82469	4.7302	126.71	-0.26889	-0.31051
35.492	0.82349	4.6437	122.66	-0.26872	-0.32411
35.492	0.82349	4.6437	122.66	-0.26872	-0.32411
35.167	0.82279	4.5796	118.69	-0.24272	-0.31838
35.167	0.82279	4.5796	118.69	-0.24272	-0.31838
34.838	0.8218	4.5373	114.73	-0.23223	-0.36075
34.838	0.8218	4.5373	114.73	-0.23223	-0.36075
34.506	0.82105	4.5188	110.68	-0.21237	-0.40173
34.506	0.82105	4.5188	110.68	-0.21237	-0.40173
34.175	0.8204	4.523	106.69	-0.1962	-0.42556
34.175	0.8204	4.523	106.69	-0.1962	-0.42556
33.844	0.81979	4.5505	102.68	-0.18543	-0.44736
33.844	0.81979	4.5505	102.68	-0.18543	-0.44736
33.527	0.81953	4.5729	100.61	-0.16167	-0.46151
33.527	0.81953	4.5729	100.61	-0.16167	-0.46151
33.224	0.81887	4.5716	100.58	-0.16834	-0.48258
33.224	0.81887	4.5716	100.58	-0.16834	-0.48258
32.92	0.81862	4.5706	100.57	-0.15502	-0.48004
32.92	0.81862	4.5706	100.57	-0.15502	-0.48004
32.616	0.81824	4.5703	100.52	-0.15902	-0.46571
32.616	0.81824	4.5703	100.52	-0.15902	-0.46571
32.311	0.81765	4.5691	100.51	-0.1665	-0.47609
32.311	0.81765	4.5691	100.51	-0.1665	-0.47609
32.007	0.81725	4.5679	100.52	-0.16669	-0.48708
32.007	0.81725	4.5679	100.52	-0.16669	-0.48708
31.703	0.81678	4.5677	100.51	-0.17549	-0.44934
31.703	0.81678	4.5677	100.51	-0.17549	-0.44934
31.398	0.81608	4.567	100.46	-0.18609	-0.44725
31.398	0.81608	4.567	100.46	-0.18609	-0.44725
31.093	0.81527	4.5663	100.44	-0.1993	-0.44259
31.093	0.81527	4.5663	100.44	-0.1993	-0.44259
30.788	0.81461	4.5651	100.44	-0.20009	-0.4353
30.788	0.81461	4.5651	100.44	-0.20009	-0.4353
30.483	0.81366	4.5636	100.46	-0.21445	-0.44962
30.483	0.81366	4.5636	100.46	-0.21445	-0.44962
30.179	0.81315	4.5624	100.47	-0.20008	-0.44531
30.179	0.81315	4.5624	100.47	-0.20008	-0.44531
29.874	0.8126	4.561	100.49	-0.19226	-0.44715
29.874	0.8126	4.561	100.49	-0.19226	-0.44715
29.57	0.81202	4.5611	100.47	-0.19701	-0.39752
29.57	0.81202	4.5611	100.47	-0.19701	-0.39752
29.265	0.81173	4.5615	100.46	-0.17956	-0.35783
29.265	0.81173	4.5615	100.46	-0.17956	-0.35783
28.962	0.81162	4.5604	100.49	-0.14247	-0.3663
28.962	0.81162	4.5604	100.49	-0.14247	-0.3663
28.658	0.81117	4.5598	100.45	-0.13777	-0.39219
28.658	0.81117	4.5598	100.45	-0.13777	-0.39219
28.355	0.81132	4.5595	100.45	-0.10111	-0.39728
28.355	0.81132	4.5595	100.45	-0.10111	-0.39728
28.051	0.81167	4.5593	100.43	-0.064747	-0.4061
28.051	0.81167	4.5593	100.43	-0.064747	-0.4061
27.748	0.81222	4.5589	100.45	-0.032204	-0.40969
27.748	0.81222	4.5589	100.45	-0.032204	-0.40969
27.445	0.81256	4.5589	100.44	-0.021006	-0.40402
27.445	0.81256	4.5589	100.44	-0.021006	-0.40402
27.141	0.81247	4.5582	100.44	-0.036281	-0.42644
27.141	0.81247	4.5582	100.44	-0.036281	-0.42644
26.838	0.81276	4.5583	100.44	-0.032722	-0.40449
26.838	0.81276	4.5583	100.44	-0.032722	-0.40449
26.534	0.81281	4.5582	100.43	-0.039916	-0.40915
26.534	0.81281	4.5582	100.43	-0.039916	-0.40915
26.231	0.81247	4.5575	100.45	-0.063106	-0.43135
26.231	0.81247	4.5575	100.45	-0.063106	-0.43135
25.929	0.81299	4.5568	100.47	-0.030488	-0.44925
25.929	0.81299	4.5568	100.47	-0.030488	-0.44925
25.626	0.81304	4.557	100.45	-0.039904	-0.4574
25.626	0.81304	4.557	100.45	-0.039904	-0.4574
25.323	0.81282	4.5571	100.47	-0.067718	-0.44109
25.323	0.81282	4.5571	100.47	-0.067718	-0.44109
25.02	0.81237	4.5564	100.5	-0.095418	-0.43852
25.02	0.81237	4.5564	100.5	-0.095418	-0.43852
24.717	0.8125	4.556	100.53	-0.082396	-0.42434
24.717	0.8125	4.556	100.53	-0.082396	-0.42434
24.414	0.81206	4.5545	100.57	-0.099293	-0.46163
24.414	0.81206	4.5545	100.57	-0.099293	-0.46163
24.111	0.81157	4.5537	100.58	-0.11845	-0.47423
24.111	0.81157	4.5537	100.58	-0.11845	-0.47423
23.808	0.81141	4.5529	100.58	-0.11628	-0.48866
23.808	0.81141	4.5529	100.58	-0.11628	-0.48866
23.494	0.81148	4.5805	98.586	-0.092357	-0.52251
23.494	0.81148	4.5805	98.586	-0.092357	-0.52251
23.172	0.81215	4.6545	94.57	-0.047642	-0.54928
23.172	0.81215	4.6545	94.57	-0.047642	-0.54928
22.855	0.81313	4.7514	90.565	-0.0055652	-0.53689
22.855	0.81313	4.7514	90.565	-0.0055652	-0.53689
22.546	0.81415	4.8695	86.566	0.027918	-0.54261
22.546	0.81415	4.8695	86.566	0.027918	-0.54261
22.246	0.81493	5.0094	82.561	0.034854	-0.52916
22.246	0.81493	5.0094	82.561	0.034854	-0.52916
21.957	0.81667	5.1711	78.501	0.098994	-0.50396
21.957	0.81667	5.1711	78.501	0.098994	-0.50396
21.679	0.81819	5.3513	74.5	0.1317	-0.49865
21.679	0.81819	5.3513	74.5	0.1317	-0.49865
21.415	0.81986	5.5505	70.495	0.16734	-0.49543
21.415	0.81986	5.5505	70.495	0.16734	-0.49543
21.165	0.82154	5.7676	66.501	0.19315	-0.50106
21.165	0.82154	5.7676	66.501	0.19315	-0.50106
20.931	0.82362	6.0014	62.518	0.23345	-0.51401
20.931	0.82362	6.0014	62.518	0.23345	-0.51401
20.715	0.82624	6.2527	58.493	0.27941	-0.4654
20.715	0.82624	6.2527	58.493	0.27941	-0.4654
20.516	0.82842	6.5173	54.513	0.29448	-0.44833
20.516	0.82842	6.5173	54.513	0.29448	-0.44833
20.336	0.8311	6.7946	50.495	0.34444	-0.4519
20.336	0.8311	6.7946	50.495	0.34444	-0.4519
20.177	0.83355	7.0849	46.464	0.3567	-0.42293
20.177	0.83355	7.0849	46.464	0.3567	-0.42293
20.038	0.83649	7.3858	42.416	0.39038	-0.37891
20.038	0.83649	7.3858	42.416	0.39038	-0.37891
19.92	0.83873	7.6953	38.422	0.38038	-0.37131
19.92	0.83873	7.6953	38.422	0.38038	-0.37131
19.824	0.84199	8.0107	34.463	0.43724	-0.36743
19.824	0.84199	8.0107	34.463	0.43724	-0.36743
19.749	0.84466	8.3331	30.457	0.44227	-0.37521
19.749	0.84466	8.3331	30.457	0.44227	-0.37521
19.698	0.84748	8.6605	26.475	0.44316	-0.31962
19.698	0.84748	8.6605	26.475	0.44316	-0.31962
19.67	0.85035	8.9906	22.438	0.46257	-0.32527
19.67	0.85035	8.9906	22.438	0.46257	-0.32527
19.664	0.85358	9.3211	18.463	0.4942	-0.31936
19.664	0.85358	9.3211	18.463	0.4942	-0.31936
19.683	0.85686	9.652	14.42	0.51313	-0.27645
19.683	0.85686	9.652	14.42	0.51313	-0.27645
19.726	0.8601	9.9808	10.421	0.52067	-0.2053
19.726	0.8601	9.9808	10.421	0.52067	-0.2053
19.725	0.86314	10.284	10.486	0.5274	-0.18895
19.725	0.86314	10.284	10.486	0.5274	-0.18895
19.726	0.86668	10.586	10.48	0.56734	-0.18156
19.726	0.86668	10.586	10.48	0.56734	-0.18156
19.725	0.8697	10.89	10.507	0.56471	-0.18769
19.725	0.8697	10.89	10.507	0.56471	-0.18769
19.724	0.87297	11.193	10.559	0.57848	-0.19061
19.724	0.87297	11.193	10.559	0.57848	-0.19061
19.722	0.87566	11.497	10.63	0.55693	-0.2311
19.722	0.87566	11.497	10.63	0.55693	-0.2311
19.722	0.87871	11.801	10.617	0.55296	-0.21026
19.722	0.87871	11.801	10.617	0.55296	-0.21026
19.722	0.88265	12.104	10.582	0.60613	-0.20706
19.722	0.88265	12.104	10.582	0.60613	-0.20706
19.724	0.88597	12.409	10.503	0.60238	-0.18622
19.724	0.88597	12.409	10.503	0.60238	-0.18622
19.723	0.88882	12.713	10.516	0.57812	-0.18754
19.723	0.88882	12.713	10.516	0.57812	-0.18754
19.723	0.89149	13.017	10.483	0.55047	-0.18298
19.723	0.89149	13.017	10.483	0.55047	-0.18298
19.723	0.89502	13.319	10.498	0.58623	-0.18543
19.723	0.89502	13.319	10.498	0.58623	-0.18543
19.724	0.89808	13.623	10.466	0.58088	-0.19265
19.724	0.89808	13.623	10.466	0.58088	-0.19265
19.724	0.90131	13.925	10.412	0.58987	-0.21792
19.724	0.90131	13.925	10.412	0.58987	-0.21792
19.726	0.90382	14.229	10.419	0.54451	-0.21231
19.726	0.90382	14.229	10.419	0.54451	-0.21231
19.727	0.90669	14.532	10.441	0.53366	-0.20556
19.727	0.90669	14.532	10.441	0.53366	-0.20556
19.728	0.90984	14.834	10.432	0.54553	-0.20171
19.728	0.90984	14.834	10.432	0.54553	-0.20171
19.73	0.91279	15.137	10.411	0.54498	-0.20815
19.73	0.91279	15.137	10.411	0.54498	-0.20815
19.731	0.91558	15.439	10.399	0.53433	-0.20952
19.731	0.91558	15.439	10.399	0.53433	-0.20952
19.733	0.91819	15.742	10.387	0.51365	-0.20013
19.733	0.91819	15.742	10.387	0.51365	-0.20013
19.735	0.92116	16.044	10.458	0.51859	-0.17418
19.735	0.92116	16.044	10.458	0.51859	-0.17418
19.738	0.92446	16.346	10.426	0.5439	-0.15075
19.738	0.92446	16.346	10.426	0.5439	-0.15075
19.74	0.92781	16.647	10.417	0.57252	-0.15079
19.74	0.92781	16.647	10.417	0.57252	-0.15079
19.742	0.93079	16.949	10.395	0.56804	-0.15956
19.742	0.93079	16.949	10.395	0.56804	-0.15956
19.744	0.93374	17.252	10.405	0.5618	-0.1585
19.744	0.93374	17.252	10.405	0.5618	-0.1585
19.747	0.93699	17.554	10.381	0.56862	-0.12508
19.747	0.93699	17.554	10.381	0.56862	-0.12508
19.748	0.94018	17.855	10.406	0.58097	-0.12283
19.748	0.94018	17.855	10.406	0.58097	-0.12283
19.751	0.94369	18.157	10.346	0.60905	-0.14335
19.751	0.94369	18.157	10.346	0.60905	-0.14335
19.753	0.94668	18.459	10.341	0.59222	-0.13045
19.753	0.94668	18.459	10.341	0.59222	-0.13045
19.755	0.94945	18.761	10.305	0.57269	-0.1582
19.755	0.94945	18.761	10.305	0.57269	-0.1582
19.757	0.95265	19.063	10.297	0.58163	-0.16699
19.757	0.95265	19.063	10.297	0.58163	-0.16699
19.76	0.9561	19.365	10.251	0.59754	-0.16071
19.76	0.9561	19.365	10.251	0.59754	-0.16071
19.762	0.95944	19.667	10.308	0.60511	-0.16531
19.762	0.95944	19.667	10.308	0.60511	-0.16531
19.763	0.96268	19.969	10.353	0.59834	-0.14721
19.763	0.96268	19.969	10.353	0.59834	-0.14721
19.765	0.966	20.272	10.353	0.60319	-0.13626
19.765	0.966	20.272	10.353	0.60319	-0.13626
19.767	0.96892	20.574	10.369	0.58572	-0.14176
19.767	0.96892	20.574	10.369	0.58572	-0.14176
19.769	0.97192	20.877	10.353	0.5759	-0.12318
19.769	0.97192	20.877	10.353	0.5759	-0.12318
19.771	0.97448	21.18	10.346	0.54544	-0.12884
19.771	0.97448	21.18	10.346	0.54544	-0.12884
19.773	0.97778	21.482	10.3	0.57156	-0.14645
19.773	0.97778	21.482	10.3	0.57156	-0.14645
19.774	0.98047	21.785	10.312	0.5503	-0.15875
19.774	0.98047	21.785	10.312	0.5503	-0.15875
19.777	0.98355	22.088	10.299	0.55226	-0.13994
19.777	0.98355	22.088	10.299	0.55226	-0.13994
19.78	0.9868	22.391	10.32	0.56298	-0.10321
19.78	0.9868	22.391	10.32	0.56298	-0.10321
19.783	0.99019	22.693	10.291	0.58628	-0.093966
19.783	0.99019	22.693	10.291	0.58628	-0.093966
19.785	0.99322	22.996	10.37	0.57955	-0.090467
19.785	0.99322	22.996	10.37	0.57955	-0.090467
19.787	0.99637	23.299	10.351	0.58258	-0.094282
19.787	0.99637	23.299	10.351	0.58258	-0.094282
19.79	0.9999	23.601	10.353	0.60591	-0.086954
19.79	0.9999	23.601	10.353	0.60591	-0.086954
19.794	1.0029	23.905	10.331	0.58846	-0.052426
19.794	1.0029	23.905	10.331	0.58846	-0.052426
19.797	1.0061	24.207	10.365	0.5916	-0.039035
19.797	1.0061	24.207	10.365	0.5916	-0.039035
19.801	1.0092	24.51	10.318	0.592	-0.024923
19.801	1.0092	24.51	10.318	0.592	-0.024923
19.806	1.0127	24.813	10.269	0.61425	0.0024921
19.806	1.0127	24.813	10.269	0.61425	0.0024921
19.811	1.0161	25.116	10.246	0.62514	0.007307
19.811	1.0161	25.116	10.246	0.62514	0.007307
19.817	1.0186	25.42	10.198	0.5847	0.018992
19.817	1.0186	25.42	10.198	0.5847	0.018992
19.822	1.0215	25.723	10.197	0.57342	0.024394
19.822	1.0215	25.723	10.197	0.57342	0.024394
19.826	1.0242	26.025	10.225	0.55967	0.031444
19.826	1.0242	26.025	10.225	0.55967	0.031444
19.83	1.0274	26.327	10.256	0.58356	0.0068539
19.83	1.0274	26.327	10.256	0.58356	0.0068539
19.836	1.0309	26.629	10.245	0.6129	0.034471
19.836	1.0309	26.629	10.245	0.6129	0.034471
19.841	1.0335	26.932	10.215	0.57865	0.025673
19.841	1.0335	26.932	10.215	0.57865	0.025673
19.844	1.0362	27.234	10.248	0.57235	-0.013868
19.844	1.0362	27.234	10.248	0.57235	-0.013868
19.849	1.0396	27.536	10.255	0.59478	0.002261
19.849	1.0396	27.536	10.255	0.59478	0.002261
19.854	1.0425	27.838	10.276	0.59014	-0.0059362
19.854	1.0425	27.838	10.276	0.59014	-0.0059362
19.858	1.0459	28.14	10.323	0.61012	-0.017043
19.858	1.0459	28.14	10.323	0.61012	-0.017043
19.862	1.0485	28.443	10.333	0.58306	-0.060585
19.862	1.0485	28.443	10.333	0.58306	-0.060585
19.867	1.0514	28.747	10.296	0.56597	-0.048805
19.867	1.0514	28.747	10.296	0.56597	-0.048805
19.871	1.0539	29.05	10.289	0.53916	-0.045441
19.871	1.0539	29.05	10.289	0.53916	-0.045441
19.878	1.0575	29.353	10.245	0.58332	-0.028131
19.878	1.0575	29.353	10.245	0.58332	-0.028131
19.883	1.0606	29.656	10.265	0.58318	-0.027933
19.883	1.0606	29.656	10.265	0.58318	-0.027933
19.888	1.0636	29.959	10.228	0.589	-0.069786
19.888	1.0636	29.959	10.228	0.589	-0.069786
19.958	1.0671	30.284	6.231	0.59988	-0.0041867
19.958	1.0671	30.284	6.231	0.59988	-0.0041867
20.051	1.0707	30.603	2.2372	0.61525	0.10024
20.051	1.0707	30.603	2.2372	0.61525	0.10024
20.165	1.0739	30.915	-1.7817	0.61657	0.14195
20.165	1.0739	30.915	-1.7817	0.61657	0.14195
20.3	1.0766	31.219	-5.7894	0.58901	0.16429
20.3	1.0766	31.219	-5.7894	0.58901	0.16429
20.456	1.0795	31.511	-9.7882	0.5843	0.21231
20.456	1.0795	31.511	-9.7882	0.5843	0.21231
20.632	1.0821	31.793	-13.809	0.56884	0.21111
20.632	1.0821	31.793	-13.809	0.56884	0.21111
20.828	1.0839	32.061	-17.812	0.51034	0.23907
20.828	1.0839	32.061	-17.812	0.51034	0.23907
21.041	1.0862	32.315	-21.811	0.50756	0.25602
21.041	1.0862	32.315	-21.811	0.50756	0.25602
21.273	1.0881	32.553	-25.835	0.47804	0.27671
21.273	1.0881	32.553	-25.835	0.47804	0.27671
21.52	1.0904	32.774	-29.883	0.48001	0.28117
21.52	1.0904	32.774	-29.883	0.48001	0.28117
21.783	1.0921	32.978	-33.922	0.44602	0.30246
21.783	1.0921	32.978	-33.922	0.44602	0.30246
22.058	1.0939	33.164	-37.853	0.42859	0.34799
22.058	1.0939	33.164	-37.853	0.42859	0.34799
22.346	1.0954	33.329	-41.828	0.39363	0.41253
22.346	1.0954	33.329	-41.828	0.39363	0.41253
22.643	1.0967	33.476	-45.766	0.37462	0.40372
22.643	1.0967	33.476	-45.766	0.37462	0.40372
22.95	1.098	33.6	-49.784	0.36853	0.38964
22.95	1.098	33.6	-49.784	0.36853	0.38964
23.266	1.0988	33.703	-53.796	0.32828	0.3922
23.266	1.0988	33.703	-53.796	0.32828	0.3922
23.588	1.1	33.783	-57.823	0.31631	0.42339
23.588	1.1	33.783	-57.823	0.31631	0.42339
23.915	1.1008	33.839	-61.853	0.28928	0.43843
23.915	1.1008	33.839	-61.853	0.28928	0.43843
24.244	1.1018	33.872	-65.833	0.2765	0.47671
24.244	1.1018	33.872	-65.833	0.2765	0.47671
24.574	1.1028	33.883	-69.863	0.27973	0.47115
24.574	1.1028	33.883	-69.863	0.27973	0.47115
24.905	1.1032	33.87	-73.894	0.24244	0.48737
24.905	1.1032	33.87	-73.894	0.24244	0.48737
25.233	1.1037	33.834	-77.877	0.21934	0.50185
25.233	1.1037	33.834	-77.877	0.21934	0.50185
25.546	1.1038	33.805	-79.901	0.19457	0.50817
25.546	1.1038	33.805	-79.901	0.19457	0.50817
25.847	1.1045	33.799	-79.888	0.20754	0.51
25.847	1.1045	33.799	-79.888	0.20754	0.51
26.149	1.1052	33.793	-79.905	0.21609	0.50307
26.149	1.1052	33.793	-79.905	0.21609	0.50307
26.45	1.1057	33.786	-79.923	0.21097	0.50623
26.45	1.1057	33.786	-79.923	0.21097	0.50623
26.752	1.1066	33.781	-79.878	0.23115	0.49454
26.752	1.1066	33.781	-79.878	0.23115	0.49454
27.053	1.1073	33.776	-79.854	0.22598	0.49287
27.053	1.1073	33.776	-79.854	0.22598	0.49287
27.354	1.1085	33.77	-79.852	0.2615	0.4871
27.354	1.1085	33.77	-79.852	0.2615	0.4871
27.656	1.1094	33.764	-79.848	0.26239	0.49817
27.656	1.1094	33.764	-79.848	0.26239	0.49817
27.958	1.1105	33.758	-79.85	0.27764	0.509
27.958	1.1105	33.758	-79.85	0.27764	0.509
28.26	1.1113	33.752	-79.886	0.26758	0.51149
28.26	1.1113	33.752	-79.886	0.26758	0.51149
28.563	1.1118	33.747	-79.909	0.2456	0.50117
28.563	1.1118	33.747	-79.909	0.2456	0.50117
28.865	1.1122	33.741	-79.914	0.21878	0.52307
28.865	1.1122	33.741	-79.914	0.21878	0.52307
29.167	1.1129	33.735	-79.932	0.22235	0.52074
29.167	1.1129	33.735	-79.932	0.22235	0.52074
29.469	1.1137	33.729	-79.958	0.23155	0.53806
29.469	1.1137	33.729	-79.958	0.23155	0.53806
29.771	1.1144	33.721	-80.032	0.23627	0.55155
29.771	1.1144	33.721	-80.032	0.23627	0.55155
30.073	1.1149	33.715	-80.052	0.22124	0.5598
30.073	1.1149	33.715	-80.052	0.22124	0.5598
30.375	1.1155	33.709	-80.054	0.21725	0.56183
30.375	1.1155	33.709	-80.054	0.21725	0.56183
30.677	1.116	33.702	-80.079	0.21833	0.54806
30.677	1.116	33.702	-80.079	0.21833	0.54806
30.98	1.1162	33.696	-80.087	0.20049	0.53433
30.98	1.1162	33.696	-80.087	0.20049	0.53433
31.282	1.1169	33.689	-80.061	0.20236	0.55261
31.282	1.1169	33.689	-80.061	0.20236	0.55261
31.584	1.1178	33.682	-80.014	0.2221	0.58948
31.584	1.1178	33.682	-80.014	0.2221	0.58948
31.887	1.1183	33.675	-80.004	0.22199	0.59724
31.887	1.1183	33.675	-80.004	0.22199	0.59724
32.19	1.1184	33.67	-79.974	0.20516	0.54778
32.19	1.1184	33.67	-79.974	0.20516	0.54778
32.493	1.1188	33.664	-79.913	0.1941	0.55116
32.493	1.1188	33.664	-79.913	0.1941	0.55116
32.796	1.1193	33.657	-79.868	0.19555	0.59324
32.796	1.1193	33.657	-79.868	0.19555	0.59324
33.1	1.1191	33.651	-79.86	0.15317	0.59123
33.1	1.1191	33.651	-79.86	0.15317	0.59123
33.403	1.1187	33.644	-79.831	0.11777	0.61031
33.403	1.1187	33.644	-79.831	0.11777	0.61031
33.706	1.1186	33.638	-79.78	0.11206	0.62029
33.706	1.1186	33.638	-79.78	0.11206	0.62029
34.009	1.1186	33.632	-79.775	0.11794	0.60369
34.009	1.1186	33.632	-79.775	0.11794	0.60369
34.312	1.1184	33.623	-79.866	0.10411	0.6119
34.312	1.1184	33.623	-79.866	0.10411	0.6119
34.615	1.1187	33.616	-79.843	0.12814	0.62409
34.615	1.1187	33.616	-79.843	0.12814	0.62409
34.918	1.1187	33.608	-79.865	0.13034	0.62325
34.918	1.1187	33.608	-79.865	0.13034	0.62325
35.221	1.1185	33.6	-79.851	0.12265	0.59777
35.221	1.1185	33.6	-79.851	0.12265	0.59777
35.513	1.1181	33.621	-77.854	0.093853	0.59754
35.513	1.1181	33.621	-77.854	0.093853	0.59754
35.788	1.1189	33.686	-73.838	0.15738	0.57583
35.788	1.1189	33.686	-73.838	0.15738	0.57583
36.058	1.1198	33.77	-69.837	0.20069	0.54908
36.058	1.1198	33.77	-69.837	0.20069	0.54908
36.322	1.1209	33.872	-65.874	0.24367	0.51982
36.322	1.1209	33.872	-65.874	0.24367	0.51982
36.578	1.1222	33.992	-61.872	0.28765	0.48216
36.578	1.1222	33.992	-61.872	0.28765	0.48216
36.825	1.124	34.13	-57.832	0.33276	0.47487
36.825	1.124	34.13	-57.832	0.33276	0.47487
37.062	1.1258	34.284	-53.878	0.37297	0.45234
37.062	1.1258	34.284	-53.878	0.37297	0.45234
37.288	1.1277	34.454	-49.891	0.40509	0.43106
37.288	1.1277	34.454	-49.891	0.40509	0.43106
37.5	1.1299	34.641	-45.898	0.45132	0.35755
37.5	1.1299	34.641	-45.898	0.45132	0.35755
37.699	1.1318	34.842	-41.845	0.45554	0.31505
37.699	1.1318	34.842	-41.845	0.45554	0.31505
37.883	1.1344	35.056	-37.827	0.49304	0.25861
37.883	1.1344	35.056	-37.827	0.49304	0.25861
38.053	1.1362	35.283	-33.809	0.47117	0.22196
38.053	1.1362	35.283	-33.809	0.47117	0.22196
38.206	1.1385	35.521	-29.812	0.4843	0.18603
38.206	1.1385	35.521	-29.812	0.4843	0.18603
38.343	1.1415	35.768	-25.839	0.53409	0.1301
38.343	1.1415	35.768	-25.839	0.53409	0.1301
38.462	1.1443	36.025	-21.834	0.53855	0.1115
38.462	1.1443	36.025	-21.834	0.53855	0.1115
38.564	1.1471	36.289	-17.879	0.55444	0.080086
38.564	1.1471	36.289	-17.879	0.55444	0.080086
38.646	1.1501	36.56	-13.867	0.57103	0.042373
38.646	1.1501	36.56	-13.867	0.57103	0.042373
38.71	1.1534	36.836	-9.8969	0.60168	-0.0061459
38.71	1.1534	36.836	-9.8969	0.60168	-0.0061459
38.753	1.1558	37.117	-5.8842	0.55723	-0.040154
38.753	1.1558	37.117	-5.8842	0.55723	-0.040154
38.778	1.1588	37.4	-1.9321	0.56783	-0.088565
38.778	1.1588	37.4	-1.9321	0.56783	-0.088565
38.782	1.1609	37.685	2.0582	0.51109	-0.11858
38.782	1.1609	37.685	2.0582	0.51109	-0.11858
38.766	1.1634	37.968	6.0623	0.50109	-0.15777
38.766	1.1634	37.968	6.0623	0.50109	-0.15777
38.729	1.1657	38.25	10.088	0.48052	-0.21432
38.729	1.1657	38.25	10.088	0.48052	-0.21432
38.736	1.1686	38.553	10.113	0.49196	-0.19475
38.736	1.1686	38.553	10.113	0.49196	-0.19475
38.743	1.1711	38.858	10.1	0.47554	-0.19871
38.743	1.1711	38.858	10.1	0.47554	-0.19871
38.749	1.1738	39.161	10.084	0.479	-0.22319
38.749	1.1738	39.161	10.084	0.479	-0.22319
38.756	1.1767	39.465	10.073	0.48992	-0.22486
38.756	1.1767	39.465	10.073	0.48992	-0.22486
38.763	1.1791	39.77	10.048	0.46865	-0.22341
38.763	1.1791	39.77	10.048	0.46865	-0.22341
38.77	1.1817	40.073	10.086	0.46286	-0.2044
38.77	1.1817	40.073	10.086	0.46286	-0.2044
38.776	1.1841	40.378	10.077	0.45036	-0.201
38.776	1.1841	40.378	10.077	0.45036	-0.201
38.783	1.1863	40.683	10.082	0.41492	-0.16559
38.783	1.1863	40.683	10.082	0.41492	-0.16559
38.79	1.1883	40.987	10.096	0.39638	-0.15495
38.79	1.1883	40.987	10.096	0.39638	-0.15495
38.795	1.1906	41.291	10.138	0.4025	-0.16345
38.795	1.1906	41.291	10.138	0.4025	-0.16345
38.802	1.1928	41.594	10.133	0.40261	-0.18594
38.802	1.1928	41.594	10.133	0.40261	-0.18594
38.809	1.1949	41.899	10.106	0.38732	-0.17662
38.809	1.1949	41.899	10.106	0.38732	-0.17662
38.815	1.1972	42.203	10.114	0.39043	-0.175
38.815	1.1972	42.203	10.114	0.39043	-0.175
38.822	1.1993	42.507	10.102	0.38375	-0.18477
38.822	1.1993	42.507	10.102	0.38375	-0.18477
38.829	1.2019	42.81	10.073	0.40461	-0.17681
38.829	1.2019	42.81	10.073	0.40461	-0.17681
38.836	1.2041	43.115	10.022	0.39918	-0.19288
38.836	1.2041	43.115	10.022	0.39918	-0.19288
38.844	1.2068	43.419	9.9749	0.42045	-0.18966
38.844	1.2068	43.419	9.9749	0.42045	-0.18966
38.852	1.2092	43.723	9.9361	0.41777	-0.18991
38.852	1.2092	43.723	9.9361	0.41777	-0.18991
38.86	1.2118	44.027	9.9569	0.42813	-0.16697
38.86	1.2118	44.027	9.9569	0.42813	-0.16697
38.867	1.2146	44.331	10.005	0.44773	-0.13661
38.867	1.2146	44.331	10.005	0.44773	-0.13661
38.874	1.2173	44.635	9.9775	0.4559	-0.11269
38.874	1.2173	44.635	9.9775	0.4559	-0.11269
38.881	1.2205	44.938	10.007	0.4926	-0.082147
38.881	1.2205	44.938	10.007	0.4926	-0.082147
38.889	1.2234	45.242	9.9462	0.50771	-0.053632
38.889	1.2234	45.242	9.9462	0.50771	-0.053632
38.896	1.2265	45.545	9.9621	0.52415	-0.024769
38.896	1.2265	45.545	9.9621	0.52415	-0.024769
38.902	1.2294	45.849	9.9611	0.52592	-0.02285
38.902	1.2294	45.849	9.9611	0.52592	-0.02285
38.908	1.2318	46.153	9.9671	0.49974	-0.011861
38.908	1.2318	46.153	9.9671	0.49974	-0.011861
38.914	1.2346	46.456	10.001	0.51318	-0.02158
38.914	1.2346	46.456	10.001	0.51318	-0.02158
38.92	1.2378	46.759	10.043	0.54335	-0.018832
38.92	1.2378	46.759	10.043	0.54335	-0.018832
38.925	1.2403	47.063	10.065	0.51993	-0.0062073
38.925	1.2403	47.063	10.065	0.51993	-0.0062073
38.931	1.2425	47.366	10.055	0.49178	-0.00075102
38.931	1.2425	47.366	10.055	0.49178	-0.00075102
38.936	1.2446	47.67	10.088	0.46514	-0.028236
38.936	1.2446	47.67	10.088	0.46514	-0.028236
38.941	1.2471	47.972	10.11	0.4638	-0.025421
38.941	1.2471	47.972	10.11	0.4638	-0.025421
38.946	1.2496	48.275	10.082	0.46738	-0.027187
38.946	1.2496	48.275	10.082	0.46738	-0.027187
38.889	1.2519	48.553	14.108	0.46177	-0.049613
38.889	1.2519	48.553	14.108	0.46177	-0.049613
38.813	1.2545	48.825	18.138	0.47245	-0.060048
38.813	1.2545	48.825	18.138	0.47245	-0.060048
38.718	1.2574	49.091	22.138	0.49939	-0.10929
38.718	1.2574	49.091	22.138	0.49939	-0.10929
38.605	1.2599	49.351	26.138	0.50163	-0.15435
38.605	1.2599	49.351	26.138	0.50163	-0.15435
38.475	1.2621	49.602	30.124	0.47121	-0.19557
38.475	1.2621	49.602	30.124	0.47121	-0.19557
38.328	1.2644	49.844	34.142	0.44784	-0.19412
38.328	1.2644	49.844	34.142	0.44784	-0.19412
38.163	1.2661	50.074	38.146	0.40605	-0.2468
38.163	1.2661	50.074	38.146	0.40605	-0.2468
37.983	1.2678	50.292	42.175	0.37489	-0.28108
37.983	1.2678	50.292	42.175	0.37489	-0.28108
37.788	1.2694	50.497	46.212	0.32995	-0.27918
37.788	1.2694	50.497	46.212	0.32995	-0.27918
37.579	1.2708	50.688	50.218	0.29883	-0.29392
37.579	1.2708	50.688	50.218	0.29883	-0.29392
37.358	1.2718	50.865	54.237	0.24486	-0.28604
37.358	1.2718	50.865	54.237	0.24486	-0.28604
37.125	1.2733	51.024	58.21	0.24308	-0.31668
37.125	1.2733	51.024	58.21	0.24308	-0.31668
36.882	1.2747	51.168	62.189	0.23615	-0.33067
36.882	1.2747	51.168	62.189	0.23615	-0.33067
36.629	1.276	51.294	66.23	0.21276	-0.30611
36.629	1.276	51.294	66.23	0.21276	-0.30611
36.368	1.2773	51.403	70.199	0.20531	-0.3053
36.368	1.2773	51.403	70.199	0.20531	-0.3053
36.1	1.2781	51.493	74.198	0.17535	-0.31621
36.1	1.2781	51.493	74.198	0.17535	-0.31621
35.826	1.2789	51.564	78.241	0.14565	-0.30931
35.826	1.2789	51.564	78.241	0.14565	-0.30931
35.548	1.2795	51.615	82.226	0.11475	-0.30926
35.548	1.2795	51.615	82.226	0.11475	-0.30926
35.267	1.2802	51.648	86.236	0.096856	-0.28369
35.267	1.2802	51.648	86.236	0.096856	-0.28369
34.984	1.2806	51.66	90.207	0.074192	-0.27646
34.984	1.2806	51.66	90.207	0.074192	-0.27646
34.701	1.2808	51.653	94.213	0.04478	-0.28847
34.701	1.2808	51.653	94.213	0.04478	-0.28847
34.42	1.2813	51.626	98.209	0.040562	-0.26694
34.42	1.2813	51.626	98.209	0.040562	-0.26694
34.129	1.2819	51.609	100.16	0.044741	-0.27516
34.129	1.2819	51.609	100.16	0.044741	-0.27516
33.826	1.282	51.614	100.14	0.030612	-0.3157
33.826	1.282	51.614	100.14	0.030612	-0.3157
33.523	1.2828	51.62	100.14	0.047697	-0.33678
33.523	1.2828	51.62	100.14	0.047697	-0.33678
33.221	1.2838	51.627	100.1	0.074986	-0.32319
33.221	1.2838	51.627	100.1	0.074986	-0.32319
32.918	1.2844	51.634	100.09	0.060848	-0.27546
32.918	1.2844	51.634	100.09	0.060848	-0.27546
32.616	1.2853	51.639	100.17	0.077177	-0.27004
32.616	1.2853	51.639	100.17	0.077177	-0.27004
32.313	1.2861	51.646	100.14	0.086003	-0.27746
32.313	1.2861	51.646	100.14	0.086003	-0.27746
32.009	1.2865	51.652	100.11	0.066364	-0.26847
32.009	1.2865	51.652	100.11	0.066364	-0.26847
31.706	1.2869	51.659	100.1	0.054249	-0.26074
31.706	1.2869	51.659	100.1	0.054249	-0.26074
31.403	1.2875	51.666	100.09	0.053721	-0.26893
31.403	1.2875	51.666	100.09	0.053721	-0.26893
31.1	1.2883	51.673	100.07	0.069384	-0.25826
31.1	1.2883	51.673	100.07	0.069384	-0.25826
30.799	1.2899	51.68	100.05	0.13059	-0.26727
30.799	1.2899	51.68	100.05	0.13059	-0.26727
30.495	1.2899	51.686	100.03	0.071723	-0.26991
30.495	1.2899	51.686	100.03	0.071723	-0.26991
30.192	1.2903	51.693	100.04	0.058883	-0.24817
30.192	1.2903	51.693	100.04	0.058883	-0.24817
29.889	1.2909	51.699	100.04	0.058644	-0.24228
29.889	1.2909	51.699	100.04	0.058644	-0.24228
29.586	1.2911	51.704	100.07	0.044879	-0.26612
29.586	1.2911	51.704	100.07	0.044879	-0.26612
29.283	1.2916	51.711	100.08	0.036284	-0.23016
29.283	1.2916	51.711	100.08	0.036284	-0.23016
28.98	1.2925	51.717	100.09	0.060165	-0.20225
28.98	1.2925	51.717	100.09	0.060165	-0.20225
28.678	1.2933	51.723	100.11	0.079057	-0.21925
28.678	1.2933	51.723	100.11	0.079057	-0.21925
28.376	1.2949	51.728	100.17	0.13646	-0.21133
28.376	1.2949	51.728	100.17	0.13646	-0.21133
28.073	1.2957	51.734	100.15	0.13205	-0.21886
28.073	1.2957	51.734	100.15	0.13205	-0.21886
27.77	1.2968	51.74	100.14	0.13789	-0.1849
27.77	1.2968	51.74	100.14	0.13789	-0.1849
27.467	1.2976	51.746	100.15	0.12622	-0.1775
27.467	1.2976	51.746	100.15	0.12622	-0.1775
27.163	1.2983	51.752	100.11	0.12041	-0.17548
27.163	1.2983	51.752	100.11	0.12041	-0.17548
26.861	1.2996	51.757	100.09	0.14568	-0.18481
26.861	1.2996	51.757	100.09	0.14568	-0.18481
26.559	1.3008	51.763	100.08	0.16567	-0.19559
26.559	1.3008	51.763	100.08	0.16567	-0.19559
26.256	1.3021	51.768	100.08	0.18499	-0.22674
26.256	1.3021	51.768	100.08	0.18499	-0.22674
25.953	1.3033	51.774	100.13	0.18204	-0.1985
25.953	1.3033	51.774	100.13	0.18204	-0.1985
25.65	1.3047	51.779	100.15	0.20315	-0.21876
25.65	1.3047	51.779	100.15	0.20315	-0.21876
25.347	1.3061	51.785	100.13	0.20789	-0.22638
25.347	1.3061	51.785	100.13	0.20789	-0.22638
25.043	1.3074	51.79	100.13	0.2066	-0.22609
25.043	1.3074	51.79	100.13	0.2066	-0.22609
24.739	1.3084	51.796	100.13	0.1926	-0.22929
24.739	1.3084	51.796	100.13	0.1926	-0.22929
24.435	1.3102	51.803	100.11	0.21731	-0.21316
24.435	1.3102	51.803	100.11	0.21731	-0.21316
24.131	1.3114	51.809	100.1	0.21133	-0.21413
24.131	1.3114	51.809	100.1	0.21133	-0.21413
23.827	1.3124	51.814	100.1	0.19301	-0.24533
23.827	1.3124	51.814	100.1	0.19301	-0.24533
23.523	1.3135	51.82	100.1	0.18185	-0.24771
23.523	1.3135	51.82	100.1	0.18185	-0.24771
23.219	1.315	51.826	100.08	0.20566	-0.26776
23.219	1.315	51.826	100.08	0.20566	-0.26776
22.915	1.3168	51.834	99.967	0.22646	-0.23781
22.915	1.3168	51.834	99.967	0.22646	-0.23781
22.61	1.3185	51.842	99.905	0.24523	-0.23844
22.61	1.3185	51.842	99.905	0.24523	-0.23844
22.307	1.3204	51.847	99.959	0.27251	-0.2558
22.307	1.3204	51.847	99.959	0.27251	-0.2558
22.002	1.3215	51.855	99.894	0.24014	-0.26444
22.002	1.3215	51.855	99.894	0.24014	-0.26444
21.698	1.3232	51.861	99.937	0.25116	-0.23888
21.698	1.3232	51.861	99.937	0.25116	-0.23888
21.393	1.3254	51.87	99.873	0.27797	-0.20745
21.393	1.3254	51.87	99.873	0.27797	-0.20745
21.088	1.3269	51.877	99.831	0.2664	-0.20796
21.088	1.3269	51.877	99.831	0.2664	-0.20796
20.782	1.3282	51.885	99.85	0.24629	-0.18492
20.782	1.3282	51.885	99.85	0.24629	-0.18492
20.477	1.3296	51.894	99.852	0.23116	-0.15041
20.477	1.3296	51.894	99.852	0.23116	-0.15041
20.172	1.3312	51.902	99.823	0.24798	-0.14674
20.172	1.3312	51.902	99.823	0.24798	-0.14674
19.867	1.3332	51.91	99.798	0.27707	-0.13385
19.867	1.3332	51.91	99.798	0.27707	-0.13385
19.562	1.3346	51.918	99.857	0.26069	-0.08738
19.562	1.3346	51.918	99.857	0.26069	-0.08738
19.256	1.3362	51.925	99.87	0.26967	-0.081914
19.256	1.3362	51.925	99.87	0.26967	-0.081914
18.951	1.3382	51.933	99.843	0.29219	-0.068164
18.951	1.3382	51.933	99.843	0.29219	-0.068164
18.647	1.34	51.941	99.837	0.29605	-0.042888
18.647	1.34	51.941	99.837	0.29605	-0.042888
18.342	1.3415	51.948	99.84	0.29699	-0.062038
18.342	1.3415	51.948	99.84	0.29699	-0.062038
18.037	1.3427	51.955	99.821	0.27418	-0.08813
18.037	1.3427	51.955	99.821	0.27418	-0.08813
17.732	1.3437	51.962	99.817	0.24634	-0.10918
17.732	1.3437	51.962	99.817	0.24634	-0.10918
17.426	1.3446	51.969	99.811	0.2196	-0.13021
17.426	1.3446	51.969	99.811	0.2196	-0.13021
17.121	1.3462	51.977	99.843	0.23592	-0.10528
17.121	1.3462	51.977	99.843	0.23592	-0.10528
16.816	1.3477	51.985	99.836	0.24398	-0.083322
16.816	1.3477	51.985	99.836	0.24398	-0.083322
16.511	1.3488	51.992	99.877	0.22411	-0.069762
16.511	1.3488	51.992	99.877	0.22411	-0.069762
16.205	1.3495	51.999	99.95	0.18433	-0.045411
16.205	1.3495	51.999	99.95	0.18433	-0.045411
15.9	1.3504	52.008	99.92	0.16983	0.012656
15.9	1.3504	52.008	99.92	0.16983	0.012656
15.596	1.3515	52.014	99.91	0.18216	-0.011392
15.596	1.3515	52.014	99.91	0.18216	-0.011392
15.291	1.3522	52.021	99.924	0.15946	0.0060566
15.291	1.3522	52.021	99.924	0.15946	0.0060566
14.987	1.3535	52.029	99.909	0.18041	0.049554
14.987	1.3535	52.029	99.909	0.18041	0.049554
14.682	1.3548	52.037	99.914	0.20241	0.060862
14.682	1.3548	52.037	99.914	0.20241	0.060862
14.377	1.3553	52.044	99.865	0.17121	0.066791
14.377	1.3553	52.044	99.865	0.17121	0.066791
14.072	1.3562	52.051	99.872	0.17164	0.086356
14.072	1.3562	52.051	99.872	0.17164	0.086356
13.766	1.3567	52.059	99.841	0.15104	0.08883
13.766	1.3567	52.059	99.841	0.15104	0.08883
13.46	1.3573	52.067	99.796	0.14084	0.088181
13.46	1.3573	52.067	99.796	0.14084	0.088181
13.156	1.3587	52.075	99.798	0.17869	0.096566
13.156	1.3587	52.075	99.798	0.17869	0.096566
12.851	1.3594	52.082	99.786	0.17848	0.069909
12.851	1.3594	52.082	99.786	0.17848	0.069909
12.547	1.3606	52.091	99.774	0.19985	0.065286
12.547	1.3606	52.091	99.774	0.19985	0.065286
12.242	1.3616	52.097	99.807	0.20629	0.025098
12.242	1.3616	52.097	99.807	0.20629	0.025098
11.938	1.363	52.105	99.8	0.22758	0.0012432
11.938	1.363	52.105	99.8	0.22758	0.0012432
11.633	1.3643	52.113	99.772	0.2337	-0.023944
11.633	1.3643	52.113	99.772	0.2337	-0.023944
11.329	1.3657	52.121	99.807	0.2413	-0.020264
11.329	1.3657	52.121	99.807	0.2413	-0.020264
11.025	1.367	52.13	99.782	0.24464	-0.0094429
11.025	1.367	52.13	99.782	0.24464	-0.0094429
10.72	1.3683	52.138	99.77	0.242	-0.0016471
10.72	1.3683	52.138	99.77	0.242	-0.0016471
10.417	1.3699	52.147	99.774	0.25926	0.012275
10.417	1.3699	52.147	99.774	0.25926	0.012275
10.114	1.372	52.155	99.819	0.2967	0.027642
10.114	1.372	52.155	99.819	0.2967	0.027642
9.8093	1.3731	52.161	99.84	0.27421	0.0068466
9.8093	1.3731	52.161	99.84	0.27421	0.0068466
9.5057	1.3747	52.168	99.842	0.29266	-0.024676
9.5057	1.3747	52.168	99.842	0.29266	-0.024676
9.2023	1.3765	52.176	99.864	0.30704	-0.017448
9.2023	1.3765	52.176	99.864	0.30704	-0.017448
8.8989	1.3787	52.184	99.831	0.34254	-0.032516
8.8989	1.3787	52.184	99.831	0.34254	-0.032516
8.5951	1.3806	52.191	99.813	0.34902	-0.064702
8.5951	1.3806	52.191	99.813	0.34902	-0.064702
8.292	1.3828	52.198	99.842	0.37546	-0.10165
8.292	1.3828	52.198	99.842	0.37546	-0.10165
7.988	1.3849	52.205	99.853	0.37727	-0.10194
7.988	1.3849	52.205	99.853	0.37727	-0.10194
7.6831	1.3866	52.213	99.836	0.35049	-0.09459
7.6831	1.3866	52.213	99.836	0.35049	-0.09459
7.3785	1.3882	52.22	99.879	0.32949	-0.10249
7.3785	1.3882	52.22	99.879	0.32949	-0.10249
7.0734	1.3896	52.228	99.881	0.30239	-0.095829
7.0734	1.3896	52.228	99.881	0.30239	-0.095829
6.7691	1.3914	52.235	99.837	0.31408	-0.10575
6.7691	1.3914	52.235	99.837	0.31408	-0.10575
6.4641	1.3928	52.243	99.851	0.28877	-0.10032
6.4641	1.3928	52.243	99.851	0.28877	-0.10032
6.1601	1.3945	52.249	99.873	0.29632	-0.12966
6.1601	1.3945	52.249	99.873	0.29632	-0.12966
5.856	1.3963	52.255	99.918	0.30488	-0.14995
5.856	1.3963	52.255	99.918	0.30488	-0.14995
5.5516	1.3982	52.261	99.897	0.31891	-0.17105
5.5516	1.3982	52.261	99.897	0.31891	-0.17105
5.2471	1.4003	52.267	99.883	0.33064	-0.15981
5.2471	1.4003	52.267	99.883	0.33064	-0.15981
4.9429	1.4021	52.272	99.902	0.3275	-0.19548
4.9429	1.4021	52.272	99.902	0.3275	-0.19548
4.6377	1.4035	52.278	99.931	0.29194	-0.20277
4.6377	1.4035	52.278	99.931	0.29194	-0.20277
4.333	1.405	52.283	99.98	0.28008	-0.21061
4.333	1.405	52.283	99.98	0.28008	-0.21061
4.0182	1.4075	52.317	98.014	0.33087	-0.2039
4.0182	1.4075	52.317	98.014	0.33087	-0.2039
3.6946	1.4093	52.396	94.082	0.31673	-0.18521
3.6946	1.4093	52.396	94.082	0.31673	-0.18521
3.3781	1.4116	52.498	90.137	0.33812	-0.1637
3.3781	1.4116	52.498	90.137	0.33812	-0.1637
3.0684	1.4134	52.622	86.128	0.33094	-0.15838
3.0684	1.4134	52.622	86.128	0.33094	-0.15838
2.7684	1.4156	52.768	82.096	0.33471	-0.1124
2.7684	1.4156	52.768	82.096	0.33471	-0.1124
2.4787	1.417	52.935	78.106	0.30658	-0.090744
2.4787	1.417	52.935	78.106	0.30658	-0.090744
2.2024	1.4188	53.121	74.069	0.31233	-0.071846
2.2024	1.4188	53.121	74.069	0.31233	-0.071846
1.9394	1.4203	53.326	70.054	0.29551	-0.064945
1.9394	1.4203	53.326	70.054	0.29551	-0.064945
1.6919	1.4222	53.549	66.066	0.29895	-0.038116
1.6919	1.4222	53.549	66.066	0.29895	-0.038116
1.4605	1.424	53.789	62.079	0.30305	-0.01475
1.4605	1.424	53.789	62.079	0.30305	-0.01475
1.246	1.4259	54.043	58.115	0.32162	-0.015349
1.246	1.4259	54.043	58.115	0.32162	-0.015349
1.0495	1.4278	54.312	54.134	0.32522	0.014453
1.0495	1.4278	54.312	54.134	0.32522	0.014453
0.87207	1.4291	54.596	50.082	0.29206	0.058916
0.87207	1.4291	54.596	50.082	0.29206	0.058916
0.71509	1.4303	54.891	46.062	0.26818	0.098468
0.71509	1.4303	54.891	46.062	0.26818	0.098468
0.57945	1.432	55.195	42.044	0.28856	0.11458
0.57945	1.432	55.195	42.044	0.28856	0.11458
0.46424	1.4331	55.508	38.079	0.26631	0.11898
0.46424	1.4331	55.508	38.079	0.26631	0.11898
0.37259	1.4346	55.828	34.044	0.27655	0.13767
0.37259	1.4346	55.828	34.044	0.27655	0.13767
0.30408	1.4358	56.155	30	0.26713	0.16574
0.30408	1.4358	56.155	30	0.26713	0.16574
0.2588	1.4371	56.486	25.973	0.26037	0.20783
0.2588	1.4371	56.486	25.973	0.26037	0.20783
0.2355	1.4381	56.819	21.997	0.24106	0.23605
0.2355	1.4381	56.819	21.997	0.24106	0.23605
0.23591	1.4389	57.153	17.997	0.21872	0.26977
0.23591	1.4389	57.153	17.997	0.21872	0.26977
0.25903	1.4394	57.485	14.047	0.18329	0.32286
0.25903	1.4394	57.485	14.047	0.18329	0.32286
0.30525	1.4397	57.816	10.054	0.16083	0.33558
0.30525	1.4397	57.816	10.054	0.16083	0.33558
0.31101	1.4402	58.121	10.033	0.15691	0.34638
0.31101	1.4402	58.121	10.033	0.15691	0.34638
0.31544	1.4404	58.426	10.051	0.14675	0.32184
0.31544	1.4404	58.426	10.051	0.14675	0.32184
0.32026	1.4412	58.731	10.046	0.16499	0.29939
0.32026	1.4412	58.731	10.046	0.16499	0.29939
0.32495	1.4422	59.036	10.031	0.19098	0.27407
0.32495	1.4422	59.036	10.031	0.19098	0.27407
0.33012	1.4429	59.342	10.033	0.18907	0.27618
0.33012	1.4429	59.342	10.033	0.18907	0.27618
0.33539	1.4438	59.647	10.043	0.19581	0.28126
0.33539	1.4438	59.647	10.043	0.19581	0.28126
0.34027	1.4448	59.952	10.048	0.21193	0.26774
0.34027	1.4448	59.952	10.048	0.21193	0.26774
0.34546	1.4461	60.257	10.039	0.2323	0.28101
0.34546	1.4461	60.257	10.039	0.2323	0.28101
0.34996	1.4466	60.562	10.082	0.19907	0.30341
0.34996	1.4466	60.562	10.082	0.19907	0.30341
0.35359	1.4469	60.868	10.097	0.18063	0.26155
0.35359	1.4469	60.868	10.097	0.18063	0.26155
0.35865	1.4479	61.172	10.072	0.2034	0.23236
0.35865	1.4479	61.172	10.072	0.2034	0.23236
0.36327	1.4487	61.477	10.126	0.19904	0.23243
0.36327	1.4487	61.477	10.126	0.19904	0.23243
0.36876	1.449	61.783	10.095	0.17077	0.22147
0.36876	1.449	61.783	10.095	0.17077	0.22147
0.37432	1.4501	62.087	10.085	0.20019	0.2188
0.37432	1.4501	62.087	10.085	0.20019	0.2188
0.37916	1.4505	62.393	10.111	0.17156	0.21642
0.37916	1.4505	62.393	10.111	0.17156	0.21642
0.3829	1.4506	62.698	10.161	0.14312	0.18686
0.3829	1.4506	62.698	10.161	0.14312	0.18686
0.38626	1.452	63.002	10.215	0.19647	0.15792
0.38626	1.452	63.002	10.215	0.19647	0.15792
0.39077	1.4532	63.308	10.232	0.20358	0.1727
0.39077	1.4532	63.308	10.232	0.20358	0.1727
0.39523	1.4542	63.613	10.206	0.2144	0.15802
0.39523	1.4542	63.613	10.206	0.2144	0.15802
0.39965	1.4556	63.918	10.199	0.24496	0.15625
0.39965	1.4556	63.918	10.199	0.24496	0.15625
0.40399	1.4567	64.224	10.186	0.23958	0.17308
0.40399	1.4567	64.224	10.186	0.23958	0.17308
0.40737	1.458	64.53	10.182	0.25265	0.16568
0.40737	1.458	64.53	10.182	0.25265	0.16568
0.41092	1.4594	64.836	10.177	0.26381	0.16601
0.41092	1.4594	64.836	10.177	0.26381	0.16601
0.41437	1.4609	65.142	10.213	0.27045	0.19391
0.41437	1.4609	65.142	10.213	0.27045	0.19391
0.41575	1.4613	65.448	10.284	0.22212	0.15912
0.41575	1.4613	65.448	10.284	0.22212	0.15912
0.41864	1.4625	65.755	10.314	0.22816	0.18591
0.41864	1.4625	65.755	10.314	0.22816	0.18591
0.42009	1.4632	66.061	10.347	0.21254	0.16057
0.42009	1.4632	66.061	10.347	0.21254	0.16057
0.42246	1.4645	66.367	10.375	0.22881	0.17984
0.42246	1.4645	66.367	10.375	0.22881	0.17984
0.42491	1.4653	66.674	10.364	0.21526	0.19208
0.42491	1.4653	66.674	10.364	0.21526	0.19208
0.42701	1.4665	66.98	10.36	0.22451	0.18848
0.42701	1.4665	66.98	10.36	0.22451	0.18848
0.42889	1.4679	67.286	10.383	0.25165	0.18526
0.42889	1.4679	67.286	10.383	0.25165	0.18526
0.43131	1.4688	67.593	10.393	0.22681	0.205