0	0	0	-150	-75	0
0	0	0	-150	-75	0
0	0	0	-150	-75	0
0.012375	-1.0255e-10	0.021695	-150	-75	0
0.012375	-1.0255e-10	0.021695	-150	-75	0
0.049752	-2.8419e-09	0.087218	-150	-75	0
0.049752	-2.8419e-09	0.087218	-150	-75	0
0.11213	-1.4737e-08	0.19657	-150	-75	0
0.11213	-1.4737e-08	0.19657	-150	-75	0
0.19951	-4.6752e-08	0.34975	-150	-75	0
0.19951	-4.6752e-08	0.34975	-150	-75	0
0.29951	-1.0541e-07	0.52506	-150	-75	0
0.29951	-1.0541e-07	0.52506	-150	-75	0
0.39952	-1.872e-07	0.70037	-150	-75	0
0.39952	-1.872e-07	0.70037	-150	-75	0
0.49952	-2.9252e-07	0.87568	-150	-75	0
0.49952	-2.9252e-07	0.87568	-150	-75	0
0.59953	-4.2118e-07	1.051	-150	-75	0
0.59953	-4.2118e-07	1.051	-150	-75	0
0.69953	-5.7363e-07	1.2263	-150	-75	0
0.69953	-5.7363e-07	1.2263	-150	-75	0
0.79954	-7.4913e-07	1.4016	-150	-75	0
0.79954	-7.4913e-07	1.4016	-150	-75	0
0.89954	-9.4845e-07	1.5769	-150	-75	0
0.89954	-9.4845e-07	1.5769	-150	-75	0
0.99955	-1.1712e-06	1.7522	-150	-75	0
0.99955	-1.1712e-06	1.7522	-150	-75	0
1.0996	-1.4171e-06	1.9276	-150	-75	0
1.0996	-1.4171e-06	1.9276	-150	-75	0
1.1996	-1.6865e-06	2.1029	-150	-75	0
1.1996	-1.6865e-06	2.1029	-150	-75	0
1.2996	-1.9797e-06	2.2782	-150	-75	0
1.2996	-1.9797e-06	2.2782	-150	-75	0
1.3996	-2.296e-06	2.4535	-150	-75	0
1.3996	-2.296e-06	2.4535	-150	-75	0
1.4996	-2.6357e-06	2.6288	-150	-75	0
1.4996	-2.6357e-06	2.6288	-150	-75	0
1.5996	-2.999e-06	2.8041	-150	-75	0
1.5996	-2.999e-06	2.8041	-150	-75	0
1.6996	-3.3859e-06	2.9794	-150	-75	0
1.6996	-3.3859e-06	2.9794	-150	-75	0
1.7996	-3.796e-06	3.1548	-150	-75	0
1.7996	-3.796e-06	3.1548	-150	-75	0
1.8996	-4.2295e-06	3.3301	-150	-75	0
1.8996	-4.2295e-06	3.3301	-150	-75	0
1.9996	-4.6865e-06	3.5054	-150	-75	0
1.9996	-4.6865e-06	3.5054	-150	-75	0
2.0996	-5.1673e-06	3.6807	-150	-75	0
2.0996	-5.1673e-06	3.6807	-150	-75	0
2.1996	-5.6712e-06	3.856	-150	-75	0
2.1996	-5.6712e-06	3.856	-150	-75	0
2.2996	-6.1986e-06	4.0313	-150	-75	0
2.2996	-6.1986e-06	4.0313	-150	-75	0
2.3996	-6.7495e-06	4.2067	-150	-75	0
2.3996	-6.7495e-06	4.2067	-150	-75	0
2.4997	-7.3238e-06	4.382	-150	-75	0
2.4997	-7.3238e-06	4.382	-150	-75	0
2.5997	-7.9214e-06	4.5573	-150	-75	0
2.5997	-7.9214e-06	4.5573	-150	-75	0
2.6997	-8.5428e-06	4.7326	-150	-75	0
2.6997	-8.5428e-06	4.7326	-150	-75	0
2.7997	-9.1875e-06	4.9079	-150	-75	0
2.7997	-9.1875e-06	4.9079	-150	-75	0
2.8997	-9.8556e-06	5.0832	-150	-75	0
2.8997	-9.8556e-06	5.0832	-150	-75	0
2.9997	-1.0547e-05	5.2586	-150	-75	0
2.9997	-1.0547e-05	5.2586	-150	-75	0
3.0997	-1.1262e-05	5.4339	-150	-75	0
3.0997	-1.1262e-05	5.4339	-150	-75	0
3.1997	-1.2e-05	5.6092	-150	-75	0
3.1997	-1.2e-05	5.6092	-150	-75	0
3.2997	-1.2762e-05	5.7845	-150	-75	0
3.2997	-1.2762e-05	5.7845	-150	-75	0
3.3997	-1.3547e-05	5.9598	-150	-75	0
3.3997	-1.3547e-05	5.9598	-150	-75	0
3.4997	-1.4356e-05	6.1351	-150	-75	0
3.4997	-1.4356e-05	6.1351	-150	-75	0
3.5998	-1.5189e-05	6.3105	-150	-75	0
3.5998	-1.5189e-05	6.3105	-150	-75	0
3.6998	-1.6044e-05	6.4858	-150	-75	0
3.6998	-1.6044e-05	6.4858	-150	-75	0
3.7998	-1.6923e-05	6.6611	-150	-75	0
3.7998	-1.6923e-05	6.6611	-150	-75	0
3.8998	-1.7826e-05	6.8364	-150	-75	0
3.8998	-1.7826e-05	6.8364	-150	-75	0
3.9998	-1.8752e-05	7.0117	-150	-75	0
3.9998	-1.8752e-05	7.0117	-150	-75	0
4.0998	-1.9701e-05	7.1871	-150	-75	0
4.0998	-1.9701e-05	7.1871	-150	-75	0
4.1998	-2.0674e-05	7.3624	-150	-75	0
4.1998	-2.0674e-05	7.3624	-150	-75	0
4.2998	-2.1671e-05	7.5377	-150	-75	0
4.2998	-2.1671e-05	7.5377	-150	-75	0
4.3999	-2.269e-05	7.713	-150	-75	0
4.3999	-2.269e-05	7.713	-150	-75	0
4.4999	-2.3734e-05	7.8883	-150	-75	0
4.4999	-2.3734e-05	7.8883	-150	-75	0
4.5999	-2.48e-05	8.0637	-150	-75	0
4.5999	-2.48e-05	8.0637	-150	-75	0
4.6999	-2.5891e-05	8.239	-150	-75	0
4.6999	-2.5891e-05	8.239	-150	-75	0
4.7999	-2.7004e-05	8.4143	-150	-75	0
4.7999	-2.7004e-05	8.4143	-150	-75	0
4.8999	-2.8141e-05	8.5896	-150	-75	0
4.8999	-2.8141e-05	8.5896	-150	-75	0
4.9999	-2.9302e-05	8.765	-150	-75	0
4.9999	-2.9302e-05	8.765	-150	-75	0
5.0999	-3.0486e-05	8.9403	-150	-75	0
5.0999	-3.0486e-05	8.9403	-150	-75	0
5.2	-3.1693e-05	9.1156	-150	-75	0
5.2	-3.1693e-05	9.1156	-150	-75	0
5.3	-3.2924e-05	9.2909	-150	-75	0
5.3	-3.2924e-05	9.2909	-150	-75	0
5.4	-3.4178e-05	9.4662	-150	-75	0
5.4	-3.4178e-05	9.4662	-150	-75	0
5.5	-3.5456e-05	9.6416	-150	-75	0
5.5	-3.5456e-05	9.6416	-150	-75	0
5.6	-3.6757e-05	9.8169	-150	-75	0
5.6	-3.6757e-05	9.8169	-150	-75	0
5.7	-3.8082e-05	9.9922	-150	-75	0
5.7	-3.8082e-05	9.9922	-150	-75	0
5.8	-3.943e-05	10.168	-149.98	-75	0
5.8	-3.943e-05	10.168	-149.98	-75	0
5.8993	-4.0807e-05	10.344	-149.13	-75	0
5.8993	-4.0807e-05	10.344	-149.13	-75	0
5.997	-4.2218e-05	10.523	-148.27	-75	0
5.997	-4.2218e-05	10.523	-148.27	-75	0
6.0931	-4.3663e-05	10.705	-147.41	-75	0
6.0931	-4.3663e-05	10.705	-147.41	-75	0
6.1876	-4.5143e-05	10.89	-146.55	-75	0
6.1876	-4.5143e-05	10.89	-146.55	-75	0
6.2805	-4.6658e-05	11.077	-145.7	-75	0
6.2805	-4.6658e-05	11.077	-145.7	-75	0
6.3717	-4.8208e-05	11.266	-144.84	-75	0
6.3717	-4.8208e-05	11.266	-144.84	-75	0
6.4611	-4.9793e-05	11.458	-143.98	-75	0
6.4611	-4.9793e-05	11.458	-143.98	-75	0
6.5488	-5.1414e-05	11.652	-143.13	-75	0
6.5488	-5.1414e-05	11.652	-143.13	-75	0
6.6348	-5.3071e-05	11.849	-142.27	-75	0
6.6348	-5.3071e-05	11.849	-142.27	-75	0
6.7188	-5.4764e-05	12.048	-141.41	-75	0
6.7188	-5.4764e-05	12.048	-141.41	-75	0
6.801	-5.6493e-05	12.25	-140.55	-75	0
6.801	-5.6493e-05	12.25	-140.55	-75	0
6.8813	-5.8258e-05	12.454	-139.7	-75	0
6.8813	-5.8258e-05	12.454	-139.7	-75	0
6.9597	-6.006e-05	12.66	-138.84	-75	0
6.9597	-6.006e-05	12.66	-138.84	-75	0
7.0361	-6.1899e-05	12.868	-137.98	-75	0
7.0361	-6.1899e-05	12.868	-137.98	-75	0
7.1105	-6.3776e-05	13.079	-137.13	-75	0
7.1105	-6.3776e-05	13.079	-137.13	-75	0
7.1829	-6.5689e-05	13.292	-136.27	-75	0
7.1829	-6.5689e-05	13.292	-136.27	-75	0
7.2532	-6.764e-05	13.507	-135.41	-75	0
7.2532	-6.764e-05	13.507	-135.41	-75	0
7.3214	-6.9629e-05	13.724	-134.55	-75	0
7.3214	-6.9629e-05	13.724	-134.55	-75	0
7.3875	-7.1656e-05	13.944	-133.7	-75	0
7.3875	-7.1656e-05	13.944	-133.7	-75	0
7.4514	-7.372e-05	14.165	-132.84	-75	0
7.4514	-7.372e-05	14.165	-132.84	-75	0
7.5131	-7.5823e-05	14.389	-131.98	-75	0
7.5131	-7.5823e-05	14.389	-131.98	-75	0
7.5725	-7.7964e-05	14.614	-131.13	-75	0
7.5725	-7.7964e-05	14.614	-131.13	-75	0
7.6298	-8.0143e-05	14.842	-130.27	-75	0
7.6298	-8.0143e-05	14.842	-130.27	-75	0
7.6847	-8.2362e-05	15.072	-129.41	-75	0
7.6847	-8.2362e-05	15.072	-129.41	-75	0
7.7374	-8.4618e-05	15.303	-128.55	-75	0
7.7374	-8.4618e-05	15.303	-128.55	-75	0
7.7877	-8.6913e-05	15.536	-127.7	-75	0
7.7877	-8.6913e-05	15.536	-127.7	-75	0
7.8356	-8.9248e-05	15.772	-126.84	-75	0
7.8356	-8.9248e-05	15.772	-126.84	-75	0
7.8811	-9.1621e-05	16.009	-125.98	-75	0
7.8811	-9.1621e-05	16.009	-125.98	-75	0
7.9242	-9.4034e-05	16.247	-125.13	-75	0
7.9242	-9.4034e-05	16.247	-125.13	-75	0
7.9649	-9.6486e-05	16.488	-124.29	-75	0
7.9649	-9.6486e-05	16.488	-124.29	-75	0
8.0044	-9.8974e-05	16.729	-124.29	-75	0
8.0044	-9.8974e-05	16.729	-124.29	-75	0
8.0439	-0.0001015	16.971	-124.29	-75	0
8.0439	-0.0001015	16.971	-124.29	-75	0
8.0833	-0.00010406	17.212	-124.29	-75	0
8.0833	-0.00010406	17.212	-124.29	-75	0
8.1228	-0.00010665	17.453	-124.29	-75	0
8.1228	-0.00010665	17.453	-124.29	-75	0
8.1623	-0.00010927	17.695	-124.29	-75	0
8.1623	-0.00010927	17.695	-124.29	-75	0
8.2017	-0.00011193	17.936	-124.29	-75	0
8.2017	-0.00011193	17.936	-124.29	-75	0
8.2412	-0.00011463	18.177	-124.29	-75	0
8.2412	-0.00011463	18.177	-124.29	-75	0
8.2807	-0.00011736	18.419	-124.29	-75	0
8.2807	-0.00011736	18.419	-124.29	-75	0
8.3202	-0.00012012	18.66	-124.29	-75	0
8.3202	-0.00012012	18.66	-124.29	-75	0
8.3596	-0.00012292	18.902	-124.29	-75	0
8.3596	-0.00012292	18.902	-124.29	-75	0
8.3991	-0.00012575	19.143	-124.29	-75	0
8.3991	-0.00012575	19.143	-124.29	-75	0
8.4386	-0.00012862	19.384	-124.29	-75	0
8.4386	-0.00012862	19.384	-124.29	-75	0
8.4781	-0.00013152	19.626	-124.29	-75	0
8.4781	-0.00013152	19.626	-124.29	-75	0
8.5175	-0.00013446	19.867	-124.29	-75	0
8.5175	-0.00013446	19.867	-124.29	-75	0
8.557	-0.00013743	20.108	-124.29	-75	0
8.557	-0.00013743	20.108	-124.29	-75	0
8.5965	-0.00014043	20.35	-124.29	-75	0
8.5965	-0.00014043	20.35	-124.29	-75	0
8.636	-0.00014347	20.591	-124.29	-75	0
8.636	-0.00014347	20.591	-124.29	-75	0
8.6754	-0.00014655	20.832	-124.29	-75	0
8.6754	-0.00014655	20.832	-124.29	-75	0
8.7149	-0.00014966	21.074	-124.29	-75	0
8.7149	-0.00014966	21.074	-124.29	-75	0
8.7544	-0.0001528	21.315	-124.29	-75	0
8.7544	-0.0001528	21.315	-124.29	-75	0
8.7939	-0.00015598	21.557	-124.29	-75	0
8.7939	-0.00015598	21.557	-124.29	-75	0
8.8334	-0.00015919	21.798	-124.29	-75	0
8.8334	-0.00015919	21.798	-124.29	-75	0
8.8728	-0.00016243	22.039	-124.29	-75	0
8.8728	-0.00016243	22.039	-124.29	-75	0
8.9123	-0.00016571	22.281	-124.29	-75	0
8.9123	-0.00016571	22.281	-124.29	-75	0
8.9518	-0.00016903	22.522	-124.29	-75	0
8.9518	-0.00016903	22.522	-124.29	-75	0
8.9913	-0.00017238	22.763	-124.29	-75	0
8.9913	-0.00017238	22.763	-124.29	-75	0
9.0307	-0.00017576	23.005	-124.29	-75	0
9.0307	-0.00017576	23.005	-124.29	-75	0
9.0702	-0.00017918	23.246	-124.29	-75	0
9.0702	-0.00017918	23.246	-124.29	-75	0
9.1097	-0.00018263	23.488	-124.29	-75	0
9.1097	-0.00018263	23.488	-124.29	-75	0
9.1492	-0.00018612	23.729	-124.29	-75	0
9.1492	-0.00018612	23.729	-124.29	-75	0
9.1887	-0.00018964	23.97	-124.29	-75	0
9.1887	-0.00018964	23.97	-124.29	-75	0
9.2281	-0.0001932	24.212	-124.29	-75	0
9.2281	-0.0001932	24.212	-124.29	-75	0
9.2676	-0.00019679	24.453	-124.29	-75	0
9.2676	-0.00019679	24.453	-124.29	-75	0
9.3071	-0.00020041	24.694	-124.29	-75	0
9.3071	-0.00020041	24.694	-124.29	-75	0
9.3466	-0.00020407	24.936	-124.29	-75	0
9.3466	-0.00020407	24.936	-124.29	-75	0
9.3861	-0.00020777	25.177	-124.29	-75	0
9.3861	-0.00020777	25.177	-124.29	-75	0
9.4255	-0.00021149	25.419	-124.29	-75	0
9.4255	-0.00021149	25.419	-124.29	-75	0
9.465	-0.00021526	25.66	-124.29	-75	0
9.465	-0.00021526	25.66	-124.29	-75	0
9.5045	-0.00021905	25.901	-124.29	-75	0
9.5045	-0.00021905	25.901	-124.29	-75	0
9.544	-0.00022288	26.143	-124.29	-75	0
9.544	-0.00022288	26.143	-124.29	-75	0
9.5835	-0.00022675	26.384	-124.29	-75	0
9.5835	-0.00022675	26.384	-124.29	-75	0
9.6229	-0.00023065	26.625	-124.29	-75	0
9.6229	-0.00023065	26.625	-124.29	-75	0
9.6624	-0.00023459	26.867	-124.29	-75	0
9.6624	-0.00023459	26.867	-124.29	-75	0
9.7019	-0.00023855	27.108	-124.29	-75	0
9.7019	-0.00023855	27.108	-124.29	-75	0
9.7414	-0.00024256	27.35	-124.29	-75	0
9.7414	-0.00024256	27.35	-124.29	-75	0
9.7809	-0.0002466	27.591	-124.29	-75	0
9.7809	-0.0002466	27.591	-124.29	-75	0
9.8203	-0.00025067	27.832	-124.29	-75	0
9.8203	-0.00025067	27.832	-124.29	-75	0
9.8598	-0.00025478	28.074	-124.29	-75	0
9.8598	-0.00025478	28.074	-124.29	-75	0
9.8993	-0.00025892	28.315	-124.29	-75	0
9.8993	-0.00025892	28.315	-124.29	-75	0
9.9388	-0.00026309	28.556	-124.29	-75	0
9.9388	-0.00026309	28.556	-124.29	-75	0
9.9783	-0.0002673	28.798	-124.29	-75	0
9.9783	-0.0002673	28.798	-124.29	-75	0
10.018	-0.00027155	29.039	-124.29	-75	0
10.018	-0.00027155	29.039	-124.29	-75	0
10.057	-0.00027583	29.281	-124.29	-75	0
10.057	-0.00027583	29.281	-124.29	-75	0
10.097	-0.00028014	29.522	-124.29	-75	0
10.097	-0.00028014	29.522	-124.29	-75	0
10.136	-0.00028449	29.763	-124.29	-75	0
10.136	-0.00028449	29.763	-124.29	-75	0
10.176	-0.00028887	30.005	-124.29	-75	0
10.176	-0.00028887	30.005	-124.29	-75	0
10.215	-0.00029329	30.246	-124.29	-75	0
10.215	-0.00029329	30.246	-124.29	-75	0
10.255	-0.00029774	30.487	-124.29	-75	0
10.255	-0.00029774	30.487	-124.29	-75	0
10.294	-0.00030222	30.729	-124.29	-75	0
10.294	-0.00030222	30.729	-124.29	-75	0
10.334	-0.00030674	30.97	-124.31	-75	0
10.334	-0.00030674	30.97	-124.31	-75	0
10.375	-0.00031129	31.21	-125.51	-75	0
10.375	-0.00031129	31.21	-125.51	-75	0
10.42	-0.00031584	31.448	-126.71	-75	0
10.42	-0.00031584	31.448	-126.71	-75	0
10.468	-0.0003204	31.683	-127.91	-75	0
10.468	-0.0003204	31.683	-127.91	-75	0
10.519	-0.00032497	31.916	-129.11	-75	0
10.519	-0.00032497	31.916	-129.11	-75	0
10.573	-0.00032953	32.145	-130.31	-75	0
10.573	-0.00032953	32.145	-130.31	-75	0
10.631	-0.0003341	32.373	-131.51	-75	0
10.631	-0.0003341	32.373	-131.51	-75	0
10.692	-0.00033867	32.597	-132.71	-75	0
10.692	-0.00033867	32.597	-132.71	-75	0
10.756	-0.00034323	32.818	-133.91	-75	0
10.756	-0.00034323	32.818	-133.91	-75	0
10.823	-0.00034779	33.037	-135.11	-75	0
10.823	-0.00034779	33.037	-135.11	-75	0
10.893	-0.00035234	33.252	-136.31	-75	0
10.893	-0.00035234	33.252	-136.31	-75	0
10.966	-0.00035688	33.465	-137.51	-75	0
10.966	-0.00035688	33.465	-137.51	-75	0
11.042	-0.0003614	33.674	-138.71	-75	0
11.042	-0.0003614	33.674	-138.71	-75	0
11.12	-0.00036591	33.88	-139.91	-75	0
11.12	-0.00036591	33.88	-139.91	-75	0
11.201	-0.00037039	34.083	-141.11	-75	0
11.201	-0.00037039	34.083	-141.11	-75	0
11.285	-0.00037486	34.283	-142.31	-75	0
11.285	-0.00037486	34.283	-142.31	-75	0
11.371	-0.00037931	34.479	-143.51	-75	0
11.371	-0.00037931	34.479	-143.51	-75	0
11.46	-0.00038373	34.672	-144.71	-75	0
11.46	-0.00038373	34.672	-144.71	-75	0
11.552	-0.00038812	34.861	-145.91	-75	0
11.552	-0.00038812	34.861	-145.91	-75	0
11.645	-0.00039249	35.047	-147.11	-75	0
11.645	-0.00039249	35.047	-147.11	-75	0
11.741	-0.00039682	35.229	-148.31	-75	0
11.741	-0.00039682	35.229	-148.31	-75	0
11.839	-0.00040111	35.408	-149.51	-75	0
11.839	-0.00040111	35.408	-149.51	-75	0
11.939	-0.00040538	35.583	-150.71	-75	0
11.939	-0.00040538	35.583	-150.71	-75	0
12.042	-0.0004096	35.754	-151.91	-75	0
12.042	-0.0004096	35.754	-151.91	-75	0
12.146	-0.00041378	35.922	-153.11	-75	0
12.146	-0.00041378	35.922	-153.11	-75	0
12.252	-0.00041792	36.085	-154.31	-75	0
12.252	-0.00041792	36.085	-154.31	-75	0
12.36	-0.00042201	36.245	-155.51	-75	0
12.36	-0.00042201	36.245	-155.51	-75	0
12.469	-0.00042606	36.402	-156.71	-75	0
12.469	-0.00042606	36.402	-156.71	-75	0
12.581	-0.00043006	36.554	-157.91	-75	0
12.581	-0.00043006	36.554	-157.91	-75	0
12.694	-0.00043401	36.702	-159.11	-75	0
12.694	-0.00043401	36.702	-159.11	-75	0
12.808	-0.0004379	36.846	-160.29	-75	0
12.808	-0.0004379	36.846	-160.29	-75	0
12.923	-0.00044178	36.989	-160.29	-75	0
12.923	-0.00044178	36.989	-160.29	-75	0
13.038	-0.00044568	37.131	-160.29	-75	0
13.038	-0.00044568	37.131	-160.29	-75	0
13.153	-0.00044959	37.274	-160.29	-75	0
13.153	-0.00044959	37.274	-160.29	-75	0
13.269	-0.00045353	37.416	-160.29	-75	0
13.269	-0.00045353	37.416	-160.29	-75	0
13.384	-0.00045748	37.558	-160.29	-75	0
13.384	-0.00045748	37.558	-160.29	-75	0
13.499	-0.00046146	37.701	-160.29	-75	0
13.499	-0.00046146	37.701	-160.29	-75	0
13.614	-0.00046545	37.843	-160.29	-75	0
13.614	-0.00046545	37.843	-160.29	-75	0
13.729	-0.00046947	37.986	-160.29	-75	0
13.729	-0.00046947	37.986	-160.29	-75	0
13.844	-0.0004735	38.128	-160.29	-75	0
13.844	-0.0004735	38.128	-160.29	-75	0
13.959	-0.00047755	38.27	-160.29	-75	0
13.959	-0.00047755	38.27	-160.29	-75	0
14.074	-0.00048162	38.413	-160.29	-75	0
14.074	-0.00048162	38.413	-160.29	-75	0
14.189	-0.00048571	38.555	-160.29	-75	0
14.189	-0.00048571	38.555	-160.29	-75	0
14.304	-0.00048982	38.698	-160.29	-75	0
14.304	-0.00048982	38.698	-160.29	-75	0
14.419	-0.00049395	38.84	-160.29	-75	0
14.419	-0.00049395	38.84	-160.29	-75	0
14.535	-0.0004981	38.983	-160.29	-75	0
14.535	-0.0004981	38.983	-160.29	-75	0
14.65	-0.00050227	39.125	-160.29	-75	0
14.65	-0.00050227	39.125	-160.29	-75	0
14.765	-0.00050645	39.267	-160.29	-75	0
14.765	-0.00050645	39.267	-160.29	-75	0
14.88	-0.00051066	39.41	-160.29	-75	0
14.88	-0.00051066	39.41	-160.29	-75	0
14.995	-0.00051488	39.552	-160.29	-75	0
14.995	-0.00051488	39.552	-160.29	-75	0
15.11	-0.00051913	39.695	-160.29	-75	0
15.11	-0.00051913	39.695	-160.29	-75	0
15.225	-0.00052339	39.837	-160.29	-75	0
15.225	-0.00052339	39.837	-160.29	-75	0
15.34	-0.00052768	39.979	-160.29	-75	0
15.34	-0.00052768	39.979	-160.29	-75	0
15.455	-0.00053198	40.122	-160.29	-75	0
15.455	-0.00053198	40.122	-160.29	-75	0
15.57	-0.0005363	40.264	-160.29	-75	0
15.57	-0.0005363	40.264	-160.29	-75	0
15.686	-0.00054064	40.407	-160.29	-75	0
15.686	-0.00054064	40.407	-160.29	-75	0
15.801	-0.000545	40.549	-160.29	-75	0
15.801	-0.000545	40.549	-160.29	-75	0
15.916	-0.00054938	40.691	-160.29	-75	0
15.916	-0.00054938	40.691	-160.29	-75	0
16.031	-0.00055378	40.834	-160.29	-75	0
16.031	-0.00055378	40.834	-160.29	-75	0
16.146	-0.0005582	40.976	-160.29	-75	0
16.146	-0.0005582	40.976	-160.29	-75	0
16.261	-0.00056264	41.119	-160.29	-75	0
16.261	-0.00056264	41.119	-160.29	-75	0
16.376	-0.0005671	41.261	-160.29	-75	0
16.376	-0.0005671	41.261	-160.29	-75	0
16.491	-0.00057157	41.403	-160.29	-75	0
16.491	-0.00057157	41.403	-160.29	-75	0
16.606	-0.00057607	41.546	-160.29	-75	0
16.606	-0.00057607	41.546	-160.29	-75	0
16.722	-0.00058058	41.688	-160.29	-75	0
16.722	-0.00058058	41.688	-160.29	-75	0
16.837	-0.00058512	41.831	-160.29	-75	0
16.837	-0.00058512	41.831	-160.29	-75	0
16.952	-0.00058967	41.973	-160.29	-75	0
16.952	-0.00058967	41.973	-160.29	-75	0
17.067	-0.00059424	42.116	-160.29	-75	0
17.067	-0.00059424	42.116	-160.29	-75	0
17.182	-0.00059884	42.258	-160.29	-75	0
17.182	-0.00059884	42.258	-160.29	-75	0
17.297	-0.00060345	42.4	-160.29	-75	0
17.297	-0.00060345	42.4	-160.29	-75	0
17.412	-0.00060808	42.543	-160.29	-75	0
17.412	-0.00060808	42.543	-160.29	-75	0
17.527	-0.00061273	42.685	-160.29	-75	0
17.527	-0.00061273	42.685	-160.29	-75	0
17.642	-0.0006174	42.828	-160.29	-75	0
17.642	-0.0006174	42.828	-160.29	-75	0
17.757	-0.00062209	42.97	-160.29	-75	0
17.757	-0.00062209	42.97	-160.29	-75	0
17.873	-0.00062679	43.112	-160.29	-75	0
17.873	-0.00062679	43.112	-160.29	-75	0
17.988	-0.00063152	43.255	-160.29	-75	0
17.988	-0.00063152	43.255	-160.29	-75	0
18.103	-0.00063627	43.397	-160.29	-75	0
18.103	-0.00063627	43.397	-160.29	-75	0
18.218	-0.00064103	43.54	-160.29	-75	0
18.218	-0.00064103	43.54	-160.29	-75	0
18.333	-0.00064582	43.682	-160.29	-75	0
18.333	-0.00064582	43.682	-160.29	-75	0
18.448	-0.00065062	43.825	-160.29	-75	0
18.448	-0.00065062	43.825	-160.29	-75	0
18.563	-0.00065545	43.967	-160.29	-75	0
18.563	-0.00065545	43.967	-160.29	-75	0
18.678	-0.00066029	44.109	-160.29	-75	0
18.678	-0.00066029	44.109	-160.29	-75	0
18.793	-0.00066515	44.252	-160.29	-75	0
18.793	-0.00066515	44.252	-160.29	-75	0
18.909	-0.00067004	44.394	-160.29	-75	0
18.909	-0.00067004	44.394	-160.29	-75	0
19.024	-0.00067494	44.537	-160.29	-75	0
19.024	-0.00067494	44.537	-160.29	-75	0
19.139	-0.00067986	44.679	-160.29	-75	0
19.139	-0.00067986	44.679	-160.29	-75	0
19.254	-0.0006848	44.821	-160.29	-75	0
19.254	-0.0006848	44.821	-160.29	-75	0
19.369	-0.00068976	44.964	-160.29	-75	0
19.369	-0.00068976	44.964	-160.29	-75	0
19.484	-0.00069474	45.106	-160.29	-75	0
19.484	-0.00069474	45.106	-160.29	-75	0
19.599	-0.00069973	45.249	-160.29	-75	0
19.599	-0.00069973	45.249	-160.29	-75	0
19.714	-0.00070475	45.391	-160.26	-75	0
19.714	-0.00070475	45.391	-160.26	-75	0
19.828	-0.00070984	45.536	-158.76	-75	0
19.828	-0.00070984	45.536	-158.76	-75	0
19.941	-0.00071506	45.686	-157.26	-75	0
19.941	-0.00071506	45.686	-157.26	-75	0
20.051	-0.00072041	45.841	-155.76	-75	0
20.051	-0.00072041	45.841	-155.76	-75	0
20.159	-0.00072588	46	-154.26	-75	0
20.159	-0.00072588	46	-154.26	-75	0
20.265	-0.00073147	46.165	-152.76	-75	0
20.265	-0.00073147	46.165	-152.76	-75	0
20.368	-0.00073718	46.334	-151.26	-75	0
20.368	-0.00073718	46.334	-151.26	-75	0
20.469	-0.00074301	46.508	-149.76	-75	0
20.469	-0.00074301	46.508	-149.76	-75	0
20.568	-0.00074895	46.686	-148.26	-75	0
20.568	-0.00074895	46.686	-148.26	-75	0
20.663	-0.00075501	46.869	-146.76	-75	0
20.663	-0.00075501	46.869	-146.76	-75	0
20.756	-0.00076118	47.056	-145.26	-75	0
20.756	-0.00076118	47.056	-145.26	-75	0
20.845	-0.00076745	47.248	-143.76	-75	0
20.845	-0.00076745	47.248	-143.76	-75	0
20.932	-0.00077383	47.444	-142.26	-75	0
20.932	-0.00077383	47.444	-142.26	-75	0
21.015	-0.00078031	47.644	-140.76	-75	0
21.015	-0.00078031	47.644	-140.76	-75	0
21.095	-0.00078689	47.848	-139.26	-75	0
21.095	-0.00078689	47.848	-139.26	-75	0
21.172	-0.00079357	48.056	-137.76	-75	0
21.172	-0.00079357	48.056	-137.76	-75	0
21.245	-0.00080035	48.268	-136.26	-75	0
21.245	-0.00080035	48.268	-136.26	-75	0
21.315	-0.00080721	48.484	-134.76	-75	0
21.315	-0.00080721	48.484	-134.76	-75	0
21.38	-0.00081416	48.704	-133.26	-75	0
21.38	-0.00081416	48.704	-133.26	-75	0
21.442	-0.0008212	48.928	-131.76	-75	0
21.442	-0.0008212	48.928	-131.76	-75	0
21.501	-0.00082832	49.154	-130.26	-75	0
21.501	-0.00082832	49.154	-130.26	-75	0
21.555	-0.00083552	49.385	-128.76	-75	0
21.555	-0.00083552	49.385	-128.76	-75	0
21.605	-0.0008428	49.618	-127.26	-75	0
21.605	-0.0008428	49.618	-127.26	-75	0
21.65	-0.00085015	49.855	-125.76	-75	0
21.65	-0.00085015	49.855	-125.76	-75	0
21.692	-0.00085757	50.095	-124.26	-75	0
21.692	-0.00085757	50.095	-124.26	-75	0
21.729	-0.00086505	50.338	-122.76	-75	0
21.729	-0.00086505	50.338	-122.76	-75	0
21.762	-0.0008726	50.584	-121.26	-75	0
21.762	-0.0008726	50.584	-121.26	-75	0
21.79	-0.00088021	50.832	-119.76	-75	0
21.79	-0.00088021	50.832	-119.76	-75	0
21.814	-0.00088788	51.083	-118.26	-75	0
21.814	-0.00088788	51.083	-118.26	-75	0
21.833	-0.00089559	51.337	-116.76	-75	0
21.833	-0.00089559	51.337	-116.76	-75	0
21.848	-0.00090336	51.593	-115.29	-75	0
21.848	-0.00090336	51.593	-115.29	-75	0
21.86	-0.00091117	51.85	-115.29	-75	0
21.86	-0.00091117	51.85	-115.29	-75	0
21.872	-0.00091902	52.107	-115.29	-75	0
21.872	-0.00091902	52.107	-115.29	-75	0
21.885	-0.0009269	52.365	-115.29	-75	0
21.885	-0.0009269	52.365	-115.29	-75	0
21.897	-0.00093483	52.622	-115.29	-75	0
21.897	-0.00093483	52.622	-115.29	-75	0
21.909	-0.00094279	52.879	-115.29	-75	0
21.909	-0.00094279	52.879	-115.29	-75	0
21.921	-0.00095079	53.136	-115.29	-75	0
21.921	-0.00095079	53.136	-115.29	-75	0
21.934	-0.00095882	53.393	-115.29	-75	0
21.934	-0.00095882	53.393	-115.29	-75	0
21.946	-0.0009669	53.65	-115.29	-75	0
21.946	-0.0009669	53.65	-115.29	-75	0
21.958	-0.00097502	53.907	-115.29	-75	0
21.958	-0.00097502	53.907	-115.29	-75	0
21.97	-0.00098317	54.165	-115.29	-75	0
21.97	-0.00098317	54.165	-115.29	-75	0
21.983	-0.00099136	54.422	-115.29	-75	0
21.983	-0.00099136	54.422	-115.29	-75	0
21.995	-0.00099959	54.679	-115.29	-75	0
21.995	-0.00099959	54.679	-115.29	-75	0
22.007	-0.0010079	54.936	-115.29	-75	0
22.007	-0.0010079	54.936	-115.29	-75	0
22.019	-0.0010162	55.193	-115.29	-75	0
22.019	-0.0010162	55.193	-115.29	-75	0
22.032	-0.0010245	55.45	-115.29	-75	0
22.032	-0.0010245	55.45	-115.29	-75	0
22.044	-0.0010329	55.708	-115.29	-75	0
22.044	-0.0010329	55.708	-115.29	-75	0
22.056	-0.0010413	55.965	-115.29	-75	0
22.056	-0.0010413	55.965	-115.29	-75	0
22.068	-0.0010498	56.222	-115.29	-75	0
22.068	-0.0010498	56.222	-115.29	-75	0
22.081	-0.0010583	56.479	-115.29	-75	0
22.081	-0.0010583	56.479	-115.29	-75	0
22.093	-0.0010668	56.736	-115.29	-75	0
22.093	-0.0010668	56.736	-115.29	-75	0
22.105	-0.0010754	56.993	-115.29	-75	0
22.105	-0.0010754	56.993	-115.29	-75	0
22.117	-0.001084	57.251	-115.29	-75	0
22.117	-0.001084	57.251	-115.29	-75	0
22.13	-0.0010926	57.508	-115.29	-75	0
22.13	-0.0010926	57.508	-115.29	-75	0
22.142	-0.0011013	57.765	-115.29	-75	0
22.142	-0.0011013	57.765	-115.29	-75	0
22.154	-0.00111	58.022	-115.29	-75	0
22.154	-0.00111	58.022	-115.29	-75	0
22.166	-0.0011188	58.279	-115.29	-75	0
22.166	-0.0011188	58.279	-115.29	-75	0
22.179	-0.0011276	58.536	-115.29	-75	0
22.179	-0.0011276	58.536	-115.29	-75	0
22.191	-0.0011364	58.794	-115.29	-75	0
22.191	-0.0011364	58.794	-115.29	-75	0
22.203	-0.0011453	59.051	-115.29	-75	0
22.203	-0.0011453	59.051	-115.29	-75	0
22.215	-0.0011542	59.308	-115.29	-75	0
22.215	-0.0011542	59.308	-115.29	-75	0
22.228	-0.0011632	59.565	-115.29	-75	0
22.228	-0.0011632	59.565	-115.29	-75	0
22.24	-0.0011722	59.822	-115.29	-75	0
22.24	-0.0011722	59.822	-115.29	-75	0
22.252	-0.0011812	60.079	-115.29	-75	0
22.252	-0.0011812	60.079	-115.29	-75	0
22.264	-0.0011903	60.337	-115.29	-75	0
22.264	-0.0011903	60.337	-115.29	-75	0
22.277	-0.0011994	60.594	-115.29	-75	0
22.277	-0.0011994	60.594	-115.29	-75	0
22.289	-0.0012085	60.851	-115.29	-75	0
22.289	-0.0012085	60.851	-115.29	-75	0
22.301	-0.0012177	61.108	-115.29	-75	0
22.301	-0.0012177	61.108	-115.29	-75	0
22.313	-0.0012269	61.365	-115.29	-75	0
22.313	-0.0012269	61.365	-115.29	-75	0
22.326	-0.0012362	61.622	-115.29	-75	0
22.326	-0.0012362	61.622	-115.29	-75	0
22.338	-0.0012455	61.88	-115.29	-75	0
22.338	-0.0012455	61.88	-115.29	-75	0
22.35	-0.0012548	62.137	-115.29	-75	0
22.35	-0.0012548	62.137	-115.29	-75	0
22.362	-0.0012642	62.394	-115.29	-75	0
22.362	-0.0012642	62.394	-115.29	-75	0
22.375	-0.0012736	62.651	-115.29	-75	0
22.375	-0.0012736	62.651	-115.29	-75	0
22.387	-0.0012831	62.908	-115.29	-75	0
22.387	-0.0012831	62.908	-115.29	-75	0
22.399	-0.0012925	63.165	-115.29	-75	0
22.399	-0.0012925	63.165	-115.29	-75	0
22.411	-0.0013021	63.423	-115.29	-75	0
22.411	-0.0013021	63.423	-115.29	-75	0
22.424	-0.0013116	63.68	-115.29	-75	0
22.424	-0.0013116	63.68	-115.29	-75	0
22.436	-0.0013212	63.937	-115.29	-75	0
22.436	-0.0013212	63.937	-115.29	-75	0
22.448	-0.0013309	64.194	-115.29	-75	0
22.448	-0.0013309	64.194	-115.29	-75	0
22.46	-0.0013406	64.451	-115.29	-75	0
22.46	-0.0013406	64.451	-115.29	-75	0
22.473	-0.0013503	64.708	-115.29	-75	0
22.473	-0.0013503	64.708	-115.29	-75	0
22.485	-0.00136	64.966	-115.29	-75	0
22.485	-0.00136	64.966	-115.29	-75	0
22.497	-0.0013698	65.223	-115.29	-75	0
22.497	-0.0013698	65.223	-115.29	-75	0
22.509	-0.0013797	65.48	-115.29	-75	0
22.509	-0.0013797	65.48	-115.29	-75	0
22.522	-0.0013895	65.737	-115.29	-75	0
22.522	-0.0013895	65.737	-115.29	-75	0
22.534	-0.0013994	65.994	-115.29	-75	0
22.534	-0.0013994	65.994	-115.29	-75	0
22.546	-0.0014094	66.251	-115.29	-75	0
22.546	-0.0014094	66.251	-115.29	-75	0
22.558	-0.0014194	66.509	-115.29	-75	0
22.558	-0.0014194	66.509	-115.29	-75	0
22.571	-0.0014294	66.766	-115.29	-75	0
22.571	-0.0014294	66.766	-115.29	-75	0
22.583	-0.0014394	67.023	-115.31	-75	0
22.583	-0.0014394	67.023	-115.31	-75	0
22.597	-0.0014495	67.279	-116.31	-75	0
22.597	-0.0014495	67.279	-116.31	-75	0
22.614	-0.0014596	67.534	-117.31	-75	0
22.614	-0.0014596	67.534	-117.31	-75	0
22.634	-0.0014698	67.787	-118.31	-75	0
22.634	-0.0014698	67.787	-118.31	-75	0
22.657	-0.0014799	68.039	-119.31	-75	0
22.657	-0.0014799	68.039	-119.31	-75	0
22.683	-0.00149	68.289	-120.31	-75	0
22.683	-0.00149	68.289	-120.31	-75	0
22.713	-0.0015002	68.537	-121.31	-75	0
22.713	-0.0015002	68.537	-121.31	-75	0
22.745	-0.0015103	68.783	-122.31	-75	0
22.745	-0.0015103	68.783	-122.31	-75	0
22.78	-0.0015205	69.027	-123.31	-75	0
22.78	-0.0015205	69.027	-123.31	-75	0
22.818	-0.0015306	69.27	-124.31	-75	0
22.818	-0.0015306	69.27	-124.31	-75	0
22.859	-0.0015408	69.51	-125.31	-75	0
22.859	-0.0015408	69.51	-125.31	-75	0
22.903	-0.0015509	69.748	-126.31	-75	0
22.903	-0.0015509	69.748	-126.31	-75	0
22.95	-0.001561	69.984	-127.31	-75	0
22.95	-0.001561	69.984	-127.31	-75	0
22.999	-0.0015711	70.219	-128.31	-75	0
22.999	-0.0015711	70.219	-128.31	-75	0
23.051	-0.0015812	70.45	-129.31	-75	0
23.051	-0.0015812	70.45	-129.31	-75	0
23.106	-0.0015912	70.68	-130.31	-75	0
23.106	-0.0015912	70.68	-130.31	-75	0
23.164	-0.0016013	70.907	-131.31	-75	0
23.164	-0.0016013	70.907	-131.31	-75	0
23.224	-0.0016113	71.133	-132.31	-75	0
23.224	-0.0016113	71.133	-132.31	-75	0
23.286	-0.0016212	71.355	-133.31	-75	0
23.286	-0.0016212	71.355	-133.31	-75	0
23.352	-0.0016312	71.575	-134.31	-75	0
23.352	-0.0016312	71.575	-134.31	-75	0
23.419	-0.0016411	71.793	-135.31	-75	0
23.419	-0.0016411	71.793	-135.31	-75	0
23.49	-0.0016509	72.008	-136.31	-75	0
23.49	-0.0016509	72.008	-136.31	-75	0
23.562	-0.0016607	72.221	-137.31	-75	0
23.562	-0.0016607	72.221	-137.31	-75	0
23.637	-0.0016705	72.431	-138.31	-75	0
23.637	-0.0016705	72.431	-138.31	-75	0
23.715	-0.0016802	72.639	-139.31	-75	0
23.715	-0.0016802	72.639	-139.31	-75	0
23.794	-0.0016899	72.844	-140.31	-75	0
23.794	-0.0016899	72.844	-140.31	-75	0
23.876	-0.0016995	73.046	-141.31	-75	0
23.876	-0.0016995	73.046	-141.31	-75	0
23.96	-0.001709	73.245	-142.31	-75	0
23.96	-0.001709	73.245	-142.31	-75	0
24.046	-0.0017185	73.441	-143.31	-75	0
24.046	-0.0017185	73.441	-143.31	-75	0
24.134	-0.0017279	73.635	-144.31	-75	0
24.134	-0.0017279	73.635	-144.31	-75	0
24.225	-0.0017373	73.826	-145.29	-75	0
24.225	-0.0017373	73.826	-145.29	-75	0
24.316	-0.0017466	74.015	-145.29	-75	0
24.316	-0.0017466	74.015	-145.29	-75	0
24.407	-0.001756	74.205	-145.29	-75	0
24.407	-0.001756	74.205	-145.29	-75	0
24.498	-0.0017654	74.394	-145.29	-75	0
24.498	-0.0017654	74.394	-145.29	-75	0
24.589	-0.0017748	74.583	-145.29	-75	0
24.589	-0.0017748	74.583	-145.29	-75	0
24.681	-0.0017842	74.773	-145.29	-75	0
24.681	-0.0017842	74.773	-145.29	-75	0
24.772	-0.0017937	74.962	-145.29	-75	0
24.772	-0.0017937	74.962	-145.29	-75	0
24.863	-0.0018031	75.152	-145.29	-75	0
24.863	-0.0018031	75.152	-145.29	-75	0
24.954	-0.0018127	75.341	-145.29	-75	0
24.954	-0.0018127	75.341	-145.29	-75	0
25.046	-0.0018222	75.53	-145.29	-75	0
25.046	-0.0018222	75.53	-145.29	-75	0
25.137	-0.0018317	75.72	-145.29	-75	0
25.137	-0.0018317	75.72	-145.29	-75	0
25.228	-0.0018413	75.909	-145.29	-75	0
25.228	-0.0018413	75.909	-145.29	-75	0
25.319	-0.0018509	76.098	-145.29	-75	0
25.319	-0.0018509	76.098	-145.29	-75	0
25.41	-0.0018606	76.288	-145.29	-75	0
25.41	-0.0018606	76.288	-145.29	-75	0
25.502	-0.0018702	76.477	-145.29	-75	0
25.502	-0.0018702	76.477	-145.29	-75	0
25.593	-0.0018799	76.667	-145.29	-75	0
25.593	-0.0018799	76.667	-145.29	-75	0
25.684	-0.0018896	76.856	-145.29	-75	0
25.684	-0.0018896	76.856	-145.29	-75	0
25.775	-0.0018994	77.045	-145.29	-75	0
25.775	-0.0018994	77.045	-145.29	-75	0
25.866	-0.0019091	77.235	-145.29	-75	0
25.866	-0.0019091	77.235	-145.29	-75	0
25.958	-0.0019189	77.424	-145.29	-75	0
